2147590
2083324
2085220
2087831
2083237
2083222
2083185
2083327
2083660
2083325
2083323
2084166
2083326
2083328
2084669
2083345
2087075
2084309
2084152
2085922
2087029
2082671
2081067
2081635
2081597
2076004
2081163
2080843
2082482
2082470
2081949
2078615
2081319
2082250
2086113
2081957
2080682
2081338
2081570
2085662
2081805
2080719
2086055
2086298
2075622
2086281
2086341
2081986
2076309
2082626
2081677
2081906
2082423
2081889
2076192
2080137
2080707
2082026
2082137
2083945
2086012
2081897
2081302
2086308
2076394
2086743
2076411
2081925
2082223
2081990
2082205
2083368
2081764
2081333
2081963
2082445
2082248
2080693
2087529
2086627
2082413
2081269
2081355
2079093
2086370
2075664
2081601
2081251
2082117
2087225
2081305
2076733
2081566
2083518
2080709
2080135
2082107
2082418
2082090
2075737
2081722
2086300
2081299
2086589
2081825
2081812
2078623
2082037
2081508
2078624
2086087
2081898
2081944
2076777
2081960
2081955
2081951
2075818
2080684
2080717
2082086
2086318
2078618
2081877
2081610
2080685
2085834
2082175
2086480
2082597
2082159
2081368
2078616
2078622
2076787
2081487
2081494
2085820
2082696
2082071
2084575
2086601
2083487
2083489
2081603
2081950
2086164
2086006
2081078
2086425
2086244
2084504
2084129
2084153
2081626
2081598
2084232
2084746
2081258
2081869
2086360
2082670
2084823
2084317
2083483
2084585
2081636
2086128
2084259
2087809
2083410
2083841
2087810
2082079
2083797
2083786
2086120
2081926
2086367
2087025
2085650
2081686
2107848
2083726
2086160
2082607
2086821
2087178
2087179
2085700
2086104
2084564
2085848
2082087
2081718
2083060
2082301
2087835
2084110
2084148
2084072
2081943
2082538
2081588
2086491
2086433
2082642
2082238
2084254
2087560
2082077
2083409
2085042
2083850
2086274
2081425
2084430
2084261
2085787
2086681
2084836
2084337
2081705
2085286
2084230
2084584
2084506
2083871
2082149
2086123
2083799
2086585
2083761
2086640
2083942
2084128
2083983
2085503
2084531
2081981
2081581
2083638
2085165
2085521
2085317
2081399
2081720
2082166
2085454
2087820
2084853
2082672
2087149
2086848
2081166
2081808
2081862
2081726
2084081
2081380
2081044
2082473
2081363
2083879
2085514
2084583
2084784
2083985
2085451
2084313
2087644
2085120
2086646
2087061
2087062
2085119
2086560
2083746
2087597
2081386
2082362
2084850
2081384
2083755
2084578
2084102
2084748
2081239
2087945
2078642
2083461
2084151
2084156
2084001
2087863
2085296
2084167
2084198
2084645
2077143
2084879
2084880
2084160
2085067
2087815
2087525
2083767
2084201
2084202
2084203
2084204
2084205
2084206
2084207
2084208
2085363
2083339
2087637
2087948
2087382
2087383
2087384
2087381
2080726
2084532
2084281
2083723
2083779
2084913
2080132
2085212
2077380
2085436
2084667
2085276
2083713
2083764
2084844
2084437
2080093
2084112
2083993
2081016
2085198
2085416
2084373
2084851
2084516
2080487
2084761
2083753
2084904
2084483
2078891
2078890
2078889
2078934
2081145
2081146
2085287
2083666
2087182
2087947
2087696
2084937
2084114
2084679
2080114
2084282
2083783
2083493
2084675
2087558
2084139
2085121
2084720
2077139
2080844
2085530
2087188
2085633
2084193
2084057
2087512
2087594
2085178
2083415
2087392
2077140
2084898
2083747
2084855
2084701
2085156
2083778
2084133
2084503
2083530
2084925
2083798
2084763
2084974
2083777
2083544
2083414
2087601
2084301
2085285
2084300
2083849
2084037
2084905
2083845
2084711
2083732
2083892
2083893
2083894
2083895
2083896
2083897
2083898
2083899
2083900
2083901
2083902
2084120
2084319
2084723
2083760
2083655
2084297
2083739
2084923
2084323
2079090
2084530
2084878
2084489
2084491
2083710
2080090
2080679
2083881
2083882
2083883
2083884
2085588
2085583
2087811
2107867
2085637
2084743
2084920
2083982
2084418
2083756
2084764
2084759
2084908
2087919
2078645
2078640
2084370
2084293
2087371
2084304
2083792
2085358
2085505
2087451
2084725
2084726
2083818
2087860
2087708
2085486
2084747
2087487
2085057
2084036
2085124
2084265
2083800
2083133
2084507
2084919
2083424
2083459
2084111
2081516
2082596
2084877
2085541
2083968
2077134
2085256
2080713
2081493
2081485
2087701
2084762
2083796
2083771
2083772
2083773
2083774
2083775
2083776
2083232
2083226
2101411
2101408
2101415
2101325
2101348
2101402
2101404
2101334
2100804
2101410
2101329
2101405
2101321
2101406
2101407
2101414
2101401
2195747
2101403
2101409
2101338
2087112
2083249
2083238
2083250
2087113
2087108
2087104
2087134
2087115
2087130
2087110
2083260
2083258
2087118
2087133
2087111
2087139
2087119
2083284
2083253
2083251
2087131
2083252
2087107
2087109
2087103
2087121
2083227
2083228
2097710
2099002
2083296
2083297
2083299
2083223
2083301
2083292
2083231
2087124
2083285
2104161
2083280
2097716
2097719
2083182
2083298
2083290
2083183
2087114
2083291
2097712
2083347
2083282
2083268
2083219
2083287
2101277
2083270
2083273
2083218
2083272
2083274
2098563
2083269
2101278
2083271
2083276
2087126
2087127
2083239
2083307
2083187
2083236
2083261
2083300
2087106
2083283
2083243
2083229
2087129
2083279
2083304
2087128
2083302
2083242
2087101
2087125
2083294
2083235
2083288
2087100
2083257
2083278
2083241
2087137
2083275
2083224
2083256
2087136
2087120
2087102
2083255
2083240
2087116
2083293
2083281
2083303
2083233
2083286
2087123
2083221
2083225
2083254
2087138
2083277
2083306
2083246
2083234
2087117
2083248
2097690
2097686
2104169
2097703
2083247
2087132
2088331
2083230
2083220
2083632
2083567
2081435
2087028
2085062
2082269
2076320
2075652
2075193
2086257
2085972
2078820
2078821
2075098
2075036
2076206
2080567
2075769
2079080
2075845
2086267
2075834
2077040
2077043
2086871
2078822
2075542
2075534
2076475
2081746
2074686
2075809
2076774
2076724
2082457
2081737
2075180
2076686
2081441
2082840
2075684
2075544
2074905
2081072
2076852
2076134
2075908
2076755
2084094
2081342
2081209
2081086
2081400
2081645
2077102
2082534
2076761
2082530
2076023
2086463
2080632
2076092
2086142
2085970
2086610
2075013
2075614
2078824
2076846
2078828
2079081
2078825
2078823
2087511
2084324
2078827
2077151
2080220
2082361
2085888
2086030
2078829
2075503
2076268
2081517
2082624
2076208
2080687
2083847
2086022
2080131
2079087
2079240
2079237
2080061
2080060
2087700
2079942
2075315
2081080
2079089
2084006
2084541
2080122
2086236
2086319
2075263
2078830
2078831
2086972
2078832
2086025
2081757
2080070
2084318
2082492
2081909
2076515
2085613
2078671
2080522
2079329
2074589
2085697
2087073
2075186
2076624
2078837
2075144
2087072
2081279
2078833
2078747
2079930
2087011
2087019
2085915
2075918
2078847
2081750
2078848
2077997
2081817
2080538
2082395
2078849
2083035
2082537
2076005
2075163
2081168
2081065
2087555
2082050
2085629
2081912
2082444
2081293
2075897
2083320
2081996
2076000
2075277
2078850
2087868
2082349
2074812
2082475
2083480
2084890
2074838
2085786
2086686
2076478
2074839
2082556
2074746
2082469
2078851
2078852
2086522
2076197
2085964
2074660
2074515
2082862
2083511
2075637
2080483
2078925
2076853
2074497
2075217
2076861
2075473
2074628
2074647
2075829
2082884
2074760
2087347
2075328
2076242
2075028
2086263
2076225
2086734
2075294
2078918
2076376
2086037
2075020
2076839
2080552
2075461
2080096
2076701
2074926
2085998
2080121
2075228
2074954
2086439
2076202
2075182
2082110
2075443
2080085
2077050
2081968
2083549
2075050
2076530
2087085
2074796
2074498
2086898
2083089
2075224
2075282
2074829
2086344
2076575
2074536
2074750
2076656
2074858
2082132
2074867
2085681
2086167
2074650
2085781
2078868
2075885
2078867
2078866
2078865
2075357
2085733
2086144
2076844
2078863
2078862
2078861
2078860
2078859
2078858
2074755
2074503
2076300
2076707
2087194
2078872
2076522
2074483
2074932
2078906
2078854
2078855
2074488
2082002
2086096
2078856
2078857
2078871
2083036
2078899
2078900
2076586
2078923
2075923
2074698
2074697
2086233
2075167
2074532
2078922
2086915
2074553
2081089
2075969
2085526
2076730
2076011
2086678
2083631
2075447
2075234
2074735
2075359
2078902
2086026
2086511
2078904
2080126
2078907
2076693
2081506
2075556
2082532
2075874
2080742
2082228
2086268
2081537
2087470
2074538
2084354
2075124
2086126
2085974
2075012
2074703
2078924
2078901
2082147
2084803
