2075205
2074621
2076600
2082452
2087725
2082763
2083129
2078846
2075196
2074836
2081324
2076947
2075136
2086653
2074753
2075836
2075079
2075204
2074922
2076832
2075907
2075733
2081126
2075279
2076509
2081881
2081523
2082683
2080681
2082687
2087051
2085469
2075673
2075161
2086764
2078864
2082136
2086094
2081212
2076747
2081790
2078908
2081090
2082686
2075776
2086105
2075571
2078909
2075284
2078921
2084735
2086165
2078926
2082508
2078910
2078911
2082527
2086473
2075568
2078912
2074652
2084714
2086107
2085990
2078913
2078914
2082024
2086292
2082634
2082669
2075248
2075717
2076729
2082380
2085924
2078915
2075803
2085811
2075381
2082217
2084955
2074847
2074496
2076012
2086538
2082503
2075426
2076120
2081681
2075791
2075389
2087883
2075653
2075483
2075724
2075552
2081079
2075425
2078678
2075478
2075921
2076750
2074765
2082735
2074979
2077439
2074623
2074524
2074638
2078903
2084674
2082841
2075398
2083955
2084668
2084629
2075656
2076814
2081724
2082614
2076633
2075857
2087339
2087338
2087337
2086435
2086240
2081922
2075984
2084641
2087483
2075493
2075740
2076184
2075729
2086457
2087834
2084992
2087476
2082693
2081231
2076645
2083979
2078917
2086017
2075580
2085023
2083119
2081221
2086895
2087802
2075629
2074849
2081865
2084346
2084348
2084347
2086677
2081691
2081119
2075254
2081674
2085524
2085525
2076216
2082045
2075645
2075549
2074603
2076477
2074617
2074482
2076239
2081097
2074778
2076587
2074806
2074756
2075550
2078919
2078920
2075531
2078874
2078873
2075789
2078875
2081753
2076370
2076948
2076388
2081622
2082003
2078876
2081918
2076006
2082405
2077083
2081562
2082554
2082039
2075899
2077195
2081920
2075099
2086586
2076155
2082004
2075742
2076869
2079549
2075239
2075089
2075125
2076618
2083131
2076831
2079561
2075927
2087932
2087148
2075480
2081649
2086587
2074749
2082875
2078676
2076806
2078878
2082612
2076399
2086738
2083941
2087008
2074578
2086528
2075983
2082505
2075979
2081727
2075612
2081190
2086462
2081383
2082429
2086850
2081058
2086036
2082844
2086598
2078677
2076366
2079088
2082407
2081625
2081694
2085732
2081133
2078880
2074528
2086752
2076886
2076340
2076882
2076474
2074820
2075563
2082560
2076580
2076408
2076533
2085725
2074549
2078885
2076355
2078887
2079031
2078884
2078883
2078882
2078881
2086746
2076395
2074602
2078886
2086689
2075462
2085853
2074717
2076359
2085904
2086877
2074569
2085844
2074509
2074508
2081962
2078932
2074906
2082199
2074664
2086329
2076601
2075010
2082773
2087462
2078931
2084421
2087884
2078955
2078893
2084854
2082759
2078951
2078894
2086826
2074649
2074805
2083006
2086717
2078897
2080188
2086874
2084480
2086735
2074707
2076365
2075513
2076386
2086132
2086906
2075151
2075241
2077146
2074814
2076655
2077086
2078930
2078929
2078928
2076335
2076336
2086774
2084603
2079023
2085275
2085203
2086280
2080869
2080936
2080935
2080934
2080933
2080932
2074639
2076613
2085825
2078938
2083045
2086901
2079099
2075353
2074577
2076406
2083026
2078946
2075693
2076803
2078945
2079027
2075032
2084644
2079026
2079025
2079296
2076542
2087080
2079024
2080225
2080463
2076736
2074782
2074501
2086750
2081051
2075800
2082311
2086842
2085680
2078941
2075466
2076307
2078954
2075589
2081700
2076510
2074842
2076531
2085051
2082197
2079021
2076945
2076540
2076312
2078947
2080098
2085509
2075858
2086740
2075137
2074907
2075060
2087370
2075179
2075138
2086707
2085272
2079020
2074795
2083417
2086166
2078948
2084399
2082274
2083694
2075156
2087807
2077090
2078950
2078949
2081406
2076338
2081498
2078896
2087440
2084492
2086118
2075337
2078952
2084142
2084817
2087331
2084223
2076812
2084662
2087439
2087438
2082871
2086163
2075429
2087818
2086432
2084713
2083423
2079566
2084511
2075438
2086767
2086875
2085987
2074596
2074544
2087039
2076519
2076409
2081161
2075318
2076489
2076490
2076369
2076548
2074535
2082099
2086921
2078927
2079029
2079030
2076847
2086510
2078943
2076401
2074884
2075558
2077087
2086864
2075960
2086715
2074615
2074843
2082331
2076563
2084910
2075955
2086824
2085406
2086614
2076950
2075606
2076290
2074928
2086228
2086638
2076526
2078942
2075794
2074988
2086311
2078944
2080355
2074986
2086697
2076562
2081039
2075782
2081298
2086242
2085925
2086659
2085963
2082270
2078674
2078675
2078895
2074591
2078933
2075659
2086736
2076187
2076303
2086753
2075660
2082420
2074558
2082016
2084580
2075235
2074504
2082453
2081902
2085024
2074776
2081313
2082332
2087675
2084799
2074681
2074781
2078879
2078935
2087486
2074636
2074916
2087081
2074874
2074775
2080743
2078936
2078937
2085702
2085685
2087059
2074571
2074651
2078296
2078892
2074785
2083012
2087553
2076546
2075598
2075892
2076647
2086692
2075047
2083444
2083445
2083446
2086851
2076264
2076584
2081763
2076637
2086542
2078939
2085881
2079028
2086496
2083490
2086436
2082375
2081507
2085701
2074492
2086732
2078940
2086048
2081905
2085773
2086083
2084709
2076476
2079142
2083460
2074854
2079048
2086179
2087192
2074879
2082353
2075093
2076870
2079334
2087698
2085726
2074866
2074880
2074567
2086719
2074804
2075242
2079132
2079131
2079130
2079129
2079128
2086965
2075249
2075788
2078853
2074579
2074526
2076983
2076848
2083023
2076939
2079291
2077017
2075342
2074936
2074844
2075278
2075419
2075245
2075236
2075200
2082256
2075368
2078636
2078956
2075321
2077011
2076934
2075871
2076825
2077094
2074722
2076642
2076314
2076826
2076553
2077718
2076491
2074605
2076585
2075162
2085955
2074892
2082836
2076928
2086472
2078957
2076912
2087040
2082769
2074588
2076297
2074927
2075403
2076896
2074616
2077084
2077197
2076726
2077101
2085989
2077099
2075208
2086024
2076740
2086000
2077097
2075173
2077245
2075423
2077029
2082562
2075816
2074912
2077351
2075593
2078293
2076994
2076996
2082437
2076888
2076894
2076914
2077008
2075055
2077036
2077018
2078958
2075402
2074793
2076031
2086629
2075280
2074779
2078983
2075134
2082856
2077027
2086016
2075396
2075023
2075169
2077023
2077031
2076957
2075485
2077014
2077001
2077216
2077015
2076922
2082863
2077149
2076919
2074601
2085704
2078959
2077020
2081216
2078870
2077003
2078845
2076347
2077013
2076479
2078869
2076940
2078982
2081248
2077095
2085818
2083092
2074780
2078962
2076988
2078963
2078961
2081675
2074608
2079489
2076900
2078965
2075386
2076993
2075329
2081468
2075042
2078966
2074800
2074946
2079352
2077019
2076935
2076960
2085823
2076987
2078964
2076549
2076891
2076982
2074845
2076986
2085737
2082788
2075345
2076954
2076980
2076895
2075041
2076590
2074787
2078916
2080074
2077098
2082741
2081069
2085867
2075532
2074919
2082406
2075500
2082459
2075650
2075978
2086347
2085216
2085215
2076810
2076211
2082329
2082385
2087197
2082606
2082164
2081695
2087724
2081156
2081276
2085274
2084231
2084096
2087358
2086515
2083416
2087310
2075672
2076001
2076108
2076163
2077042
2082378
2081631
2085336
2085114
2081476
2081760
2085502
2084321
2081310
2083122
2083121
2082165
2087198
2084749
2086328
2075778
2082572
2081123
2075883
2086637
2084820
2081591
2086434
2086273
2084984
2075680
2076783
2076813
2075990
2076692
2075619
2081463
2081286
2082367
2082214
2082276
2081904
2081611
2081309
2086682
2079323
2078641
2084526
2083267
2081391
2082510
2081773
2086266
2081444
2080710
2079554
2081246
2075939
2082629
2086356
2086605
2085377
2081755
2081893
2085255
2081469
2076720
2076534
2081155
2075861
2086288
2076770
2081107
2086276
2075641
2086342
2087199
2076127
2086322
2077389
2079480
2082363
2075573
2081420
2081339
2082183
2084440
2081250
2081336
2081408
2075799
2085543
2081504
2076063
2083464
2083465
2083466
2083467
2083463
2079332
2086599
2079545
2082161
2081020
2085326
2085327
2085328
2085329
2085330
2085331
2085332
2085333
2085334
2085335
2081055
2076821
2086143
2077064
2076867
2081595
2086643
2081994
2081353
2083135
2084769
2082030
2086548
2081237
2080718
2081274
2086265
2082581
2081860
2084573
2086277
2081084
2086239
2075826
2077038
2083130
2081018
2084075
2079318
2079335
2079245
2083373
2079336
2086654
2081405
2082260
2082318
2082106
2081218
2082065
2075965
2082528
2082156
2082622
2086544
2082645
2083127
2081679
2082192
2086482
2075844
2082635
2076019
2075985
2082588
2085202
2076111
2075762
