2076015
2080180
2080181
2076076
2075520
2076817
2081483
2082232
2080711
2081942
2086606
2081154
2081413
2082100
2081127
2081118
2081616
2078634
2078635
2081464
2081075
2081202
2086565
2077120
2085222
2081460
2082012
2081780
2081590
2081115
2082393
2085566
2086570
2081268
2082314
2081693
2083521
2086666
2085245
2081169
2081703
2086333
2077037
2083563
2076874
2084821
2076808
2080088
2076989
2085973
2076961
2076511
2085900
2077032
2076975
2076897
2075160
2077002
2074600
2082789
2076964
2076985
2076963
2078969
2076984
2075632
2076925
2076970
2076973
2076390
2074794
2074797
2087190
2075912
2081822
2075212
2076396
2085435
2080157
2087546
2080108
2080107
2080106
2080105
2080104
2080103
2080102
2080101
2080100
2077943
2077815
2075145
2078970
2076827
2079939
2076979
2076991
2082585
2082114
2082619
2082673
2076126
2076941
2074666
2082832
2080877
2085756
2075360
2076929
2076952
2076921
2076899
2074989
2081823
2085760
2078314
2085169
2076920
2084400
2082400
2082434
2074992
2077026
2076641
2082736
2082737
2074948
2075118
2081307
2082490
2081690
2082059
2082154
2082476
2081532
2086569
2082561
2081159
2086593
2074862
2077056
2085859
2076978
2074897
2086744
2079082
2082005
2074510
2074598
2086680
2074724
2082193
2075700
2077621
2074625
2082119
2082830
2075451
2077033
2076937
2083891
2076931
2078974
2077012
2081411
2086224
2081141
2075933
2076608
2074949
2076191
2086168
2081656
2079143
2075793
2075792
2076906
2085179
2086441
2081886
2077060
2081434
2081669
2083781
2075432
2074870
2074786
2083008
2075365
2080154
2081021
2086509
2076696
2081613
2085175
2081708
2083392
2077045
2076968
2078975
2076885
2076798
2078976
2085718
2082881
2086330
2075527
2082699
2076711
2074607
2076398
2082292
2075840
2086230
2085058
2084721
2075115
2081956
2085176
2080598
2086272
2083189
2086371
2086924
2074643
2077668
2077100
2082778
2077047
2077108
2081673
2076201
2082640
2079908
2075159
2074704
2078977
2078978
2082567
2075848
2082258
2085824
2076295
2079083
2082548
2076908
2083314
2076596
2076977
2076893
2074733
2078979
2086130
2076997
2076933
2076916
2085703
2077000
2076310
2085967
2076930
2076913
2076966
2074969
2081094
2076898
2076547
2074908
2086816
2074548
2075642
2077010
2077030
2075146
2076556
2085558
2076638
2076999
2083930
2085846
2084592
2075070
2075195
2077009
2076918
2086002
2075526
2084921
2076887
2078980
2081890
2074751
2076890
2075295
2087878
2077805
2084177
2076552
2085318
2087286
2082794
2078175
2074633
2081290
2078968
2082613
2085653
2082196
2077096
2081366
2075620
2085539
2081326
2081704
2082213
2081192
2081019
2086373
2077021
2081304
2081605
2075855
2075873
2075830
2077022
2086146
2076710
2075910
2077121
2082221
2077016
2076958
2076962
2077105
2077035
2086426
2082435
2087912
2076776
2076026
2076200
2075577
2081593
2076927
2085841
2079084
2082348
2086516
2081428
2076165
2076183
2081210
2081224
2076881
2082544
2085453
2081314
2081007
2076178
2081547
2076060
2086525
2077005
2082355
2077076
2077077
2086245
2076938
2081091
2081059
2084914
2087838
2087456
2082467
2086595
2076135
2085288
2083833
2075496
2087911
2081938
2075504
2076156
2084926
2083432
2084993
2084568
2087485
2077156
2075708
2084518
2084299
2078984
2077034
2083743
2077007
2087442
2081546
2076932
2087195
2087433
2077074
2076400
2077054
2082120
2082108
2077025
2082632
2076903
2076926
2080488
2076904
2086578
2082113
2079042
2082344
2077131
2082006
2084071
2081369
2081541
2076976
2081816
2075141
2081536
2084476
2086369
2075815
2075140
2081451
2081563
2075900
2086543
2087146
2076911
2086332
2079085
2079484
2074763
2074877
2078971
2076917
2077091
2080746
2080692
2076569
2076924
2078985
2079191
2074768
2074677
2087079
2078972
2076990
2085744
2075015
2074971
2078424
2076868
2081854
2086378
2081427
2086478
2086084
2077075
2074826
2076889
2076705
2077157
2081214
2082495
2079935
2084173
2075827
2076909
2081204
2082649
2083529
2077870
2076905
2082488
2080571
2077534
2078986
2076087
2086282
2076083
2076872
2086359
2082396
2075819
2081329
2076699
2075726
2076598
2076121
2077537
2075511
2076128
2077089
2078987
2077630
2076936
2077522
2077028
2084544
2076623
2087551
2076117
2076481
2082082
2081467
2075772
2078988
2081348
2087840
2076194
2080232
2075768
2076972
2077024
2079559
2074802
2084973
2076758
2087706
2086490
2087180
2085977
2075435
2076694
2075009
2076654
2076185
2075814
2081449
2076951
2076785
2082359
2079257
2075662
2082203
2081147
2085044
2080584
2082703
2084302
2080638
2075734
2075991
2076097
2079512
2076943
2076804
2079258
2079259
2079260
2078142
2076123
2076902
2079261
2077085
2077004
2087144
2076483
2086169
2079047
2077150
2077051
2076910
2076969
2078981
2076959
2075026
2086576
2076965
2081057
2082341
2085458
2079354
2076892
2087538
2076956
2080550
2076995
2078103
2074790
2083010
2083011
2074718
2082858
2078105
2087469
2077079
2075543
2075967
2077386
2076942
2075391
2078093
2079050
2074542
2081095
2082877
2081219
2082047
2082654
2076512
2075457
2079052
2084353
2077059
2083953
2078102
2079053
2077070
2076955
2076967
2081933
2075716
2082520
2080513
2081615
2082168
2077106
2080806
2076797
2076658
2076737
2082347
2080879
2082801
2076974
2077107
2076577
2074811
2076581
2082795
2082796
2082797
2076153
2075926
2079116
2079214
2076492
2080087
2080124
2076901
2085969
2080702
2082433
2081967
2081545
2082300
2082448
2075512
2081526
2081295
2081497
2086503
2087649
2078639
2077136
2075243
2081066
2081132
2086461
2084099
2079356
2084004
2081284
2086670
2081289
2082176
2083629
2075540
2085040
2085039
2075347
2081600
2075688
2086345
2075835
2075893
2085528
2087431
2077557
2076094
2075980
2081211
2085527
2078643
2082553
2081270
2086820
2079339
2076749
2081655
2079058
2081820
2084211
2082216
2076840
2081779
2082327
2082010
2075706
2082014
2079055
2079485
2079486
2079357
2075211
2074736
2079054
2079506
2079358
2079488
2079348
2079487
2084999
2084998
2084997
2084996
2077452
2085049
2081752
2084700
2075537
2082019
2085065
2079493
2082653
2075541
2079057
2076607
2077080
2079056
2079032
2076513
2081004
2087459
2083428
2079033
2082439
2077637
2081530
2081668
2081459
2079521
2086655
2079499
2079519
2079034
2079035
2081786
2079051
2079036
2076915
2079355
2079037
2077658
2079038
2079039
2077288
2082604
2076088
2078679
2077638
2078680
2077081
2074531
2077137
2086234
2077082
2079040
2080594
2079041
2078681
2076660
2082172
2084172
2077006
2077138
2085628
2077152
2079043
2082317
2084985
2076204
2079165
2087491
2079044
2081104
2086466
2084664
2087562
2079262
2086331
2081924
2085567
2076220
2075841
2081855
2084661
2085132
2079169
2080602
2079290
2075948
2082294
2077563
2086963
2086500
2080737
2079217
2079550
2074725
2079228
2076125
2081082
2079264
2076139
2079096
2075964
2086297
2079187
2087547
2079156
2080899
2077145
2086447
2075685
2081883
2081323
2076334
2077529
2076234
2086911
2079133
2074696
2084186
2076143
2080648
2081185
2087147
2081187
2085084
2086536
2081114
2077147
2081824
2081776
2082404
2076086
2075715
2081866
2077088
2082506
2082667
2076056
2076119
2081672
2076782
2076113
2077114
2080938
2081692
2075884
2081397
2075585
2076775
2081787
2082042
2076098
2076189
2081178
2076066
2076193
2076786
2082207
2080097
2084252
2084251
2081014
2084305
2075981
2082682
2082555
2076110
2076058
2076765
2075584
2077474
2076129
2075982
2076188
2081715
2081738
2076854
2086656
2087401
2084893
2082601
2082602
2081884
2082546
2081189
2082234
2076809
2084257
2082382
2085529
2082322
2081975
2084634
2075489
2083136
2082704
2078631
2083150
2077039
2082123
2079141
2079139
2079140
2076754
2079277
2081793
2079326
2082701
2082702
2084049
2076851
2086523
2076816
2077049
2077155
2084612
2082188
2076708
2079347
2082509
2086624
2081863
2081377
2086628
2086471
2081191
2081367
2082518
2086535
2081201
2084691
2084693
2087921
2084692
2082498
2081880
2075655
2075497
2082061
2083179
2083180
2081042
2079267
2079238
2077164
2074973
2076676
2074965
2075418
2079269
2077158
2079266
2079265
2079239
2079271
2079268
2079270
2077161
2077078
2077160
2077159
2086580
2077162
2076089
2078960
2082485
2086642
2081026
2075692
2075821
2075607
2086460
2075704
2077165
2082637
2081392
2081292
