2082529
2081663
2081782
2084831
2081515
2082157
2081952
2081134
2082280
2079934
2081472
2082539
2082242
2085898
2086247
2079553
2077153
2081771
2076835
2081223
2081235
2081345
2075709
2076095
2077163
2082135
2082409
2083654
2081070
2084833
2086592
2086607
2081015
2086611
2085542
2085244
2079263
2081997
2087679
2082299
2075973
2082281
2079330
2076209
2081225
2082220
2081349
2081929
2080148
2080149
2082085
2081892
2081462
2081791
2086492
2086644
2085048
2086613
2081361
2086621
2077166
2076140
2076843
2086337
2086246
2075777
2082177
2075635
2081979
2082140
2076849
2082057
2082009
2076865
2081102
2076855
2075989
2086652
2086325
2086049
2081667
2082174
2081991
2081766
2076021
2086504
2076732
2082290
2081748
2081728
2081775
2079244
2081574
2082500
2078344
2082524
2076033
2082342
2082167
2081721
2086358
2081684
2081308
2082372
2082666
2083123
2082184
2081946
2081455
2081362
2081739
2079094
2076231
2081533
2082345
2082145
2076690
2086452
2075298
2076648
2077154
2076227
2081390
2084276
2075019
2079344
2079590
2086524
2074700
2076850
2080721
2081139
2082675
2086571
2086554
2086563
2083769
2083541
2083652
2085427
2083556
2081113
2081135
2079272
2084842
2081183
2079517
2082603
2082296
2087568
2087567
2081743
2080745
2085183
2081978
2084736
2083959
2083960
2083961
2083962
2083963
2083964
2083958
2078629
2084086
2086591
2085125
2085157
2081557
2081799
2086910
2079505
2082212
2076167
2075164
2078627
2079273
2079274
2082462
2082035
2077052
2077401
2082402
2081878
2075824
2081242
2081482
2076725
2081206
2080964
2077194
2078625
2078626
2087517
2085303
2084225
2082447
2084783
2081148
2075880
2081807
2081199
2086957
2081529
2079275
2077196
2079276
2080485
2082189
2075515
2083745
2080089
2077103
2084838
2083449
2086713
2082069
2077207
2084839
2075823
2082306
2082484
2081165
2081002
2085221
2087927
2083319
2086651
2086650
2087457
2086562
2081643
2081741
2084650
2076484
2084253
2083362
2087592
2085467
2081195
2083551
2084900
2083359
2083657
2077201
2087181
2081280
2081864
2081559
2075356
2079992
2080680
2079278
2077208
2083571
2085535
2077210
2082182
2076661
2077191
2085264
2086145
2076226
2082507
2074816
2083411
2085263
2075517
2077209
2085504
2077202
2076880
2083371
2081491
2087352
2076064
2087437
2080128
2080109
2081037
2080724
2080842
2087917
2080111
2081582
2077205
2082101
2077193
2077199
2079097
2077203
2077204
2077292
2077200
2083550
2081142
2077198
2079279
2085260
2085061
2087291
2085225
2085228
2087292
2085229
2087299
2087294
2087290
2077192
2087298
2079113
2087297
2078632
2079164
2082515
2087228
2086575
2082781
2087296
2085468
2081409
2087730
2086568
2077206
2081910
2077189
2075730
2083749
2077190
2081378
2086080
2081815
2086609
2085231
2075421
2079548
2080162
2081999
2075272
2078905
2087289
2085434
2081229
2075613
2079281
2087935
2086771
2086092
2087580
2084042
2076673
2075449
2087670
2075479
2076205
2086264
2076022
2077188
2087287
2086533
2084374
2081228
2077092
2086669
2075995
2084986
2087288
2077067
2087145
2087812
2081974
2086602
2084686
2082366
2087750
2087749
2074801
2087606
2082328
2081454
2081381
2085632
2084369
2081499
2087722
2076247
2084798
2081040
2081346
2085254
2081358
2087854
2085294
2084703
2083349
2076841
2087582
2087709
2087846
2082360
2087369
2084682
2083391
2080142
2085394
2083718
2083717
2087189
2084416
2087177
2081556
2087937
2081260
2081424
2077111
2086376
2086377
2086375
2087363
2084577
2084825
2082052
2083877
2083978
2082656
2082657
2087202
2081484
2087843
2085320
2076485
2087704
2076842
2085095
2081671
2087805
2087804
2085094
2085100
2085097
2085099
2085096
2083704
2083703
2085098
2083705
2077285
2079280
2083448
2085513
2084358
2087728
2083313
2077093
2076514
2086512
2077246
2075649
2083748
2081328
2081558
2082060
2087389
2081573
2081550
2084320
2077334
2075627
2083120
2086815
2076393
2082864
2077675
2080978
2080878
2081093
2086546
2077388
2079283
2077530
2079345
2075536
2082195
2079282
2079341
2079284
2075312
2074788
2079558
2077348
2074670
2077383
2079134
2080130
2086295
2086038
2079286
2077279
2077254
2086180
2081935
2086287
2075129
2077053
2076860
2076107
2084349
2082171
2085182
2080833
2083389
2083454
2077240
2077372
2079092
2085367
2078794
2077731
2081101
2077382
2077211
2079233
2079124
2082098
2081124
2075453
2075658
2077338
2076838
2085892
2075601
2081043
2082465
2077258
2083566
2077360
2075275
2081531
2079898
2081702
2076142
2074620
2075761
2081710
2077312
2075806
2081481
2082578
2082825
2077376
2075864
2085982
2077262
2084684
2079248
2082337
2083039
2074669
2077218
2086962
2077364
2077318
2079292
2079293
2076480
2074824
2082449
2076073
2087847
2084922
2075390
2085246
2076759
2081193
2079295
2079294
2081232
2074533
2079213
2076780
2077368
2081826
2076214
2079297
2075626
2079167
2080973
2079988
2081160
2080337
2079989
2084801
2079123
2079298
2087086
2085020
2079299
2077470
2079300
2087087
2087088
2080338
2084311
2080561
2084810
2076288
2076136
2085200
2086355
2077497
2085803
2077404
2077508
2079251
2077237
2076591
2077239
2079120
2079219
2077492
2077476
2079110
2079111
2079190
2074701
2077509
2079504
2083003
2079208
2085809
2079343
2077500
2076246
2080226
2074678
2079302
2077418
2076606
2076389
2082455
2081171
2076773
2077422
2079301
2077407
2078973
2081407
2077440
2077396
2081664
2080853
2077424
2077409
2077410
2075905
2077398
2081422
2075073
2075213
2074925
2081988
2081856
2077459
2083431
2077446
2076149
2086088
2083576
2084543
2085102
2083574
2085258
2079303
2079316
2075877
2077415
2082027
2082064
2087737
2075247
2087419
2074958
2076145
2075335
2087839
2077437
2077412
2076653
2081445
2075066
2075067
2075781
2086374
2081297
2084642
2076168
2078633
2079304
2077411
2079246
2082261
2079166
2087429
2075261
2077141
2087432
2075574
2077433
2076116
2081181
2076410
2079305
2079095
2075957
2074767
2077475
2077442
2087390
2077408
2075553
2077431
2079161
2085983
2077414
2077416
2082410
2077413
2081934
2077428
2077429
2074611
2074609
2087618
2075766
2080484
2074741
2077427
2079157
2081000
2077397
2079595
2077434
2077417
2077425
2079307
2074985
2075514
2074859
2078517
2079308
2079306
2082760
2085860
2077423
2074719
2080228
2077213
2076174
2076190
2081518
2075839
2075072
2081798
2081947
2081908
2081894
2080689
2077378
2077373
2081306
2085580
2079309
2077223
2082283
2074783
2075679
2085447
2081137
2087605
2074640
2085765
2085717
2074543
2087417
2084446
2074665
2076583
2076561
2077362
2077267
2080903
2080902
2086810
2077347
2077230
2079331
2078356
2079310
2077352
2077282
2077231
2077387
2077306
2077304
2077220
2077296
2077330
2075445
2075690
2077377
2077251
2082392
2077257
2074987
2077297
2081747
2087507
2077242
2079311
2077232
2087849
2080951
2077309
2079288
2077215
2077253
2079163
2081372
2079160
2081917
2077221
2077256
2077264
2077320
2077252
2077289
2079127
2075302
2074990
2080895
2077353
2077343
2077361
2077374
2077269
2081874
2081063
2079312
2077328
2079546
2076132
2077322
2077287
2076682
2074695
2077271
2079168
2079098
2077293
2077224
2077369
2077302
2074716
2077275
2077339
2081373
2076602
2082001
2080525
2076834
2074659
2077400
2080578
2080591
2086903
2086136
2081792
2076079
2081761
2080240
2074898
2080968
2080580
2080579
2080329
2077385
2079405
2079404
2075218
2074671
2079937
2077294
2080515
2081421
2080249
2080547
2080548
2080577
2085739
2074744
2076217
2082618
2074784
2080616
2076025
2080635
2077336
2080306
2080560
2086001
2075269
2077363
2080566
2074627
2077301
2080617
2079571
2086119
2075671
2082587
2082244
2086581
2080317
2087203
2077331
2077310
2079313
2077314
2077260
2077299
2077316
2081203
2079314
2076351
2075743
2081412
2077226
2079200
2076713
2077341
2081332
2082289
2082383
2077308
2074566
2077273
2079112
2076649
2082394
2077914
2076150
2077321
2076743
2075954
2077319
2077265
2077235
2078076
2077290
2077324
2077250
2077345
2081393
2077233
2076013
2077503
2081623
2077244
2081264
2077326
2083038
2077464
2077498
2076385
2077375
2079229
2078898
2082357
2077212
2086305
2086284
2077261
2077276
2077969
2077243
2077333
2077278
2076845
2080913
2077358
2082033
2077266
2077238
2077283
2079317
2077119
2081099
2086531
2086673
2080527
