2077217
2086675
2080592
2082577
2077313
2079315
2085730
2081419
2077234
2075687
2077259
2077225
2081634
2077365
2077255
2077480
2077227
2077335
2076053
2081928
2075428
2086306
2076716
2079105
2079148
2077355
2077281
2080275
2079320
2077305
2079149
2077298
2077317
2081387
2081495
2075644
2076573
2077350
2082173
2077219
2077272
2077344
2079150
2077303
2079151
2077332
2083400
2086173
2079152
2082481
2077069
2077295
2077329
2075694
2076085
2075786
2077270
2077277
2077286
2077384
2077236
2080868
2080867
2077291
2079153
2077359
2077247
2077284
2077325
2077342
2077222
2077274
2079154
2081940
2077367
2082497
2086506
2079231
2075771
2083315
2077340
2077370
2077263
2075838
2075240
2077241
2077300
2079210
2077214
2077366
2077249
2079155
2077327
2077307
2076096
2077349
2077122
2081316
2082496
2080194
2080195
2077315
2075117
2086122
2075444
2077311
2077381
2077371
2077280
2080599
2077228
2086255
2079126
2077323
2086527
2077337
2076144
2077248
2077357
2077445
2077356
2077444
2075142
2077426
2077406
2075488
2077393
2077457
2077432
2077395
2076118
2080605
2081914
2081948
2081913
2075648
2075945
2082043
2077403
2077441
2080597
2086508
2080738
2086351
2077430
2081608
2081120
2077435
2083126
2082487
2075947
2082225
2079459
2080173
2082095
2079144
2075674
2075956
2080339
2077443
2076771
2084903
2076112
2074693
2075352
2087196
2077346
2080340
2079950
2081644
2081572
2082307
2077458
2077421
2077419
2081125
2082547
2087191
2080318
2075952
2086054
2085284
2074568
2079145
2076721
2080545
2076077
2076061
2079146
2077466
2074980
2079147
2081291
2080880
2081745
2081068
2075016
2075303
2075265
2076349
2083513
2081331
2083375
2074909
2074974
2074705
2075822
2086564
2086577
2077460
2083991
2085243
2077399
2084738
2076218
2081152
2081350
2083536
2084074
2082204
2075977
2084089
2081194
2076105
2083635
2076067
2081167
2075587
2084368
2075529
2081272
2081273
2075774
2081800
2075114
2077394
2084646
2080140
2075252
2083404
2076287
2087494
2080712
2082074
2083855
2081122
2082155
2085271
2075763
2075440
2076106
2081010
2075775
2082512
2075970
2076046
2082054
2086530
2076212
2081624
2080494
2077436
2080793
2081583
2081162
2086739
2081153
2077517
2075382
2079222
2085795
2081683
2077438
2081096
2075069
2082239
2081360
2086618
2084109
2082605
2082262
2080715
2075710
2082093
2087226
2082350
2077402
2077171
2081680
2082390
2085122
2077117
2082549
2080643
2080639
2080347
2081008
2081474
2081781
2081885
2085905
2075913
2082144
2083394
2082533
2080725
2081071
2082536
2082454
2076833
2076516
2081256
2083366
2083125
2075866
2075311
2075502
2077123
2079482
2075086
2077142
2082550
2081138
2086665
2083308
2081528
2081512
2086664
2081542
2082025
2082131
2081919
2076907
2081927
2083311
2079562
2077461
2084899
2081554
2077110
2082143
2082446
2083406
2077526
2081335
2081709
2081606
2083376
2076488
2081376
2076823
2083937
2087320
2082460
2082295
2081317
2083565
2086537
2077465
2083360
2077454
2082468
2074642
2075859
2086574
2085106
2079555
2081170
2081344
2081717
2076045
2083966
2080633
2081087
2081765
2080146
2076114
2076024
2086555
2081544
2077132
2081670
2076856
2086579
2081543
2081714
2084561
2081785
2081871
2087602
2081740
2081778
2076871
2080094
2086676
2083377
2076873
2081116
2079321
2081208
2083706
2082525
2086622
2083393
2076789
2086518
2082428
2081389
2083382
2082287
2081458
2075770
2083364
2082456
2074951
2086176
2076820
2077513
2081247
2077488
2087200
2081100
2087395
2084487
2076171
2076007
2077354
2075804
2076069
2083568
2083637
2076062
2077496
2077527
2079337
2077462
2075691
2077531
2077510
2077514
2075625
2075703
2081401
2077479
2086759
2077490
2076357
2077481
2079474
2077468
2080985
2079473
2075401
2079475
2077463
2082432
2075739
2079477
2080910
2079476
2075611
2082275
2075787
2075567
2077483
2079395
2077495
2075974
2079478
2077484
2077467
2077521
2079479
2082890
2082779
2087274
2077515
2077533
2085980
2076047
2075586
2082820
2082824
2082815
2082814
2082813
2082812
2082811
2082810
2082809
2082808
2082807
2082806
2082823
2082805
2082804
2082803
2082822
2082821
2082819
2082818
2082817
2082816
2086761
2086760
2076493
2086762
2076304
2076284
2081630
2075968
2077538
2081861
2075113
2077541
2081266
2077542
2077540
2087931
2077539
2082758
2075407
2076727
2082571
2086357
2076718
2075557
2075850
2079103
2075670
2077543
2080332
2077536
2081857
2077544
2079472
2076625
2075600
2083140
2083141
2082564
2075764
2079471
2083634
2083309
2075246
2083628
2083561
2076486
2082268
2081921
2083378
2083636
2081632
2081868
2083645
2082421
2081478
2077471
2080077
2082646
2087034
2075327
2076402
2076383
2077528
2081277
2079522
2079470
2077469
2082034
2083379
2086124
2075251
2086539
2086547
2081661
2077491
2077516
2086138
2086139
2075523
2080963
2080129
2083374
2086032
2082464
2081254
2076722
2080099
2087842
2076819
2076159
2082041
2083440
2077512
2079435
2077482
2082387
2083785
2083633
2085148
2083310
2076487
2080954
2075651
2084035
2087508
2079289
2081011
2086662
2083318
2082112
2082278
2081343
2082194
2077518
2075376
2086534
2083335
2083355
2083560
2077487
2080095
2077473
2081186
2081665
2079468
2076672
2083358
2075853
2075264
2081271
2084712
2081238
2079515
2079516
2083956
2087311
2084716
2082088
2081762
2075698
2083476
2077519
2086045
2087946
2087861
2082218
2083019
2083020
2081524
2083138
2083139
2079469
2086955
2075807
2075963
2077493
2086517
2075131
2085779
2075998
2081431
2076689
2085259
2084051
2085798
2085799
2083046
2083047
2086046
2075474
2085804
2085805
2085791
2085792
2082743
2082744
2082774
2082775
2077499
2085807
2085808
2085992
2085993
2086042
2086043
2085780
2083203
2083204
2083206
2083205
2085875
2085876
2085877
2077485
2077486
2084715
2084181
2075962
2086440
2075862
2075604
2075439
2084705
2087904
2084165
2085192
2077575
2082677
2077547
2077571
2076735
2076017
2076664
2075077
2077574
2079467
2075446
2075846
2077554
2076756
2075566
2083722
2077550
2087372
2087837
2075759
2075420
2081388
2079466
2076836
2082272
2075436
2081177
2081197
2076210
2082121
2075891
2076020
2075565
2086588
2081064
2076291
2086498
2081751
2077405
2085187
2085226
2083492
2076828
2075126
2076650
2082698
2076617
2075916
2086617
2083977
2081236
2084199
2087342
2081352
2082660
2085141
2086438
2075718
2082078
2081696
2084158
2081638
2082519
2082346
2077581
2086316
2076811
2086641
2087819
2082148
2082075
2083482
2084818
2083744
2085173
2085464
2084572
2081801
2082424
2081687
2081594
2077555
2074573
2074559
2081678
2083495
2077055
2075076
2087193
2076626
2084417
2076358
2077565
2075643
2077562
2083673
2085164
2082309
2085446
2085487
2079551
2079327
2082320
2076878
2081662
2084805
2084806
2087319
2085060
2076863
2076739
2079322
2081375
2087908
2076859
2083992
2084155
2087548
2087496
2087829
2086660
2081241
2084673
2083981
2081713
2081535
2084184
2087492
2081403
2084707
2075881
2075946
2080688
2081555
2087922
2085627
2082007
2084420
2082249
2078630
2085045
2087893
2087894
2087895
2087896
2087897
2087898
2087899
2087900
2085278
2086596
2084448
2087569
2084185
2079136
2077046
2084422
2082608
2083905
2083939
2084398
2075344
2084216
2083558
2074529
2076415
2077627
2075744
2077379
2082282
2085000
2085870
2085160
2077633
2077167
2079491
2079204
2083356
2083570
2077634
2075686
2083647
2084105
2083321
2076670
2075395
2075785
2076416
2077635
2076186
2080645
2075631
2081580
2082674
2083395
2083402
2080083
2081954
2077639
2075599
2079359
2074552
2080127
2079464
2079463
2086090
2081749
2081226
2081128
2077862
2077803
2085843
2077860
2076662
2080493
2074721
2077809
2080900
2075035
2074914
2075533
2077767
2086636
2074977
2077799
2083762
2081103
2083388
2075471
2086133
2086040
2075349
2081970
2087866
2077793
2086304
2077781
2077822
2076879
2079447
2077847
2076712
2085866
2076356
2075903
2082373
2075996
2075509
2079457
2077821
2081802
2081697
2081179
2075343
2075953
2081105
2080492
2079510
2083967
2084699
2082291
2082162
2075579
2075712
2076619
2079460
2075924
2075538
2077820
2077751
2075339
2077759
2077854
2075354
2077864
2082659
2077757
2075732
2079461
2077774
2087398
2082483
2077840
2079445
2077758
2077780
2077849
2076302
2079462
2077778
2077765
