2077848
2079465
2076757
2085812
2081858
2075888
2076717
2076616
2077846
2079523
2075119
2074945
2079458
2077749
2086698
2075308
2077754
2076702
2081024
2077816
2086696
2087858
2077800
2075925
2074545
2081432
2081076
2077844
2081354
2075707
2077802
2075896
2086279
2086529
2077827
2078835
2080175
2076133
2075872
2079454
2075100
2074883
2075911
2075310
2074860
2079453
2086683
2081423
2082111
2086526
2081439
2081025
2079451
2075456
2079452
2075038
2075465
2081003
2075663
2075634
2081045
2082158
2081789
2075731
2075696
2083579
2075682
2080116
2076517
2086177
2083581
2078840
2077865
2082461
2085059
2075898
2081733
2082202
2086217
2077112
2082352
2086521
2081473
2081993
2081965
2082633
2075616
2082231
2082427
2075348
2075307
2081829
2074994
2075966
2075434
2076259
2086089
2075094
2076709
2076148
2081723
2076147
2075379
2082651
2082259
2081992
2077453
2085986
2083580
2086131
2083656
2083557
2082160
2086302
2082210
2082215
2081985
2082325
2074966
2077597
2076051
2086317
2079596
2079597
2074525
2076230
2079441
2081257
2082593
2078063
2074556
2079456
2078107
2074551
2077750
2078299
2078298
2075289
2078619
2075229
2075231
2078308
2078309
2077948
2081151
2079403
2075299
2076016
2077927
2083137
2076213
2081730
2081742
2076866
2081175
2081578
2082000
2081509
2082511
2086776
2082310
2080125
2081278
2076417
2078311
2075929
2077972
2078108
2086829
2081511
2081783
2079448
2076292
2081327
2081569
2077910
2081961
2082201
2082411
2086843
2077988
2082313
2081220
2083947
2085090
2083132
2082308
2082247
2085954
2076219
2086324
2082631
2086091
2087571
2087576
2087575
2087574
2087573
2087572
2086514
2079449
2078041
2075034
2085864
2079450
2075233
2082124
2079455
2086878
2085837
2085753
2074900
2078805
2075999
2085838
2086489
2081213
2077960
2087923
2075065
2076436
2076438
2086931
2076343
2076433
2076418
2076435
2076434
2086932
2076439
2076419
2076420
2076437
2076431
2076432
2076344
2076346
2076345
2085856
2078798
2082419
2080898
2085813
2079076
2087293
2077912
2075122
2075152
2075697
2086270
2081876
2076636
2078799
2075551
2086140
2083030
2075713
2075810
2075177
2086959
2081811
2082381
2078800
2078801
2081470
2086626
2087306
2081602
2081081
2085184
2076158
2087318
2080150
2075661
2080691
2085790
2087054
2076704
2075413
2079433
2076635
2076741
2078803
2079440
2078802
2074813
2086027
2074500
2079437
2086021
2086020
2078648
2082293
2082243
2075594
2075291
2075008
2082514
2087027
2078804
2078806
2078807
2078808
2077998
2078809
2075597
2075332
2078810
2087832
2074632
2085565
2081500
2081217
2079434
2081252
2085016
2081896
2082340
2076946
2084289
2084106
2082770
2083727
2087918
2083675
2085230
2077881
2078812
2075490
2078811
2077073
2075081
2083931
2087408
2081174
2082517
2084104
2081480
2085241
2081648
2084849
2084087
2085073
2087845
2084514
2085127
2082021
2084080
2085150
2075958
2087934
2086590
2084067
2083721
2085177
2084136
2076818
2075678
2081158
2082048
2083527
2081479
2081457
2076261
2075902
2083709
2082513
2082129
2075951
2078813
2075677
2075867
2083548
2076223
2082545
2084832
2081980
2080647
2084995
2085217
2078814
2086553
2075959
2078815
2078816
2085197
2079436
2082568
2087489
2087373
2087452
2085194
2078817
2082333
2087478
2079427
2082566
2081701
2081939
2086566
2080117
2076283
2076421
2082685
2079598
2079078
2085168
2074742
2081265
2076166
2084190
2086214
2078818
2084191
2079079
2086278
2087043
2075728
2082068
2078819
2079428
2078740
2085687
2080979
2079429
2080962
2074595
2078739
2078423
2079066
2075887
2076160
2082522
2086437
2078484
2087449
2086616
2083429
2076301
2083940
2083886
2083926
2084676
2087345
2085167
2084493
2078596
2078745
2078743
2078772
2078746
2082263
2084750
2076177
2075452
2081047
2080250
2078839
2081046
2087556
2079490
2082116
2086620
2078748
2085262
2084659
2087859
2085193
2087270
2081619
2081620
2083933
2083028
2087326
2078751
2079430
2087312
2087313
2078765
2083329
2087351
2083646
2084954
2085369
2087334
2079432
2084224
2083502
2083501
2084970
2087484
2087885
2084488
2085429
2087914
2085316
2087862
2087565
2083485
2083862
2083858
2084372
2083421
2075178
2076032
2078774
2086221
2087207
2087208
2087209
2087210
2087211
2087212
2087213
2087214
2087215
2087216
2087217
2087218
2087219
2087220
2087221
2079409
2079410
2080927
2078785
2085758
2078786
2074975
2079073
2078788
2079421
2074982
2074592
2079069
2086956
2075296
2079071
2079413
2079560
2076559
2080247
2080246
2079414
2079422
2078789
2078764
2079415
2076518
2086954
2087410
2078763
2075341
2078791
2078761
2078790
2078555
2080482
2075938
2076313
2079392
2076657
2080957
2079492
2085819
2082365
2079379
2086967
2079391
2080456
2074550
2075442
2079068
2078769
2079424
2078771
2074594
2086053
2079408
2080912
2080983
2078673
2074618
2079380
2079381
2079351
2079383
2079382
2084213
2076348
2078773
2078796
2078797
2078131
2079895
2085873
2081525
2078542
2085696
2074929
2078524
2078150
2080590
2081188
2079770
2087477
2075369
2078384
2074689
2079949
2076289
2075082
2076560
2078027
2076315
2075306
2081259
2078737
2078372
2078593
2079384
2078503
2078549
2079385
2079386
2078590
2078754
2074653
2078419
2078494
2081285
2078522
2075168
2079496
2074662
2078518
2079387
2078767
2078452
2086920
2079388
2080798
2078560
2078736
2074934
2074935
2078589
2079346
2076565
2076579
2079389
2077875
2083583
2078312
2078836
2080636
2075108
2078735
2078598
2078446
2079393
2079394
2086966
2080909
2080741
2079868
2080740
2079867
2080739
2078557
2082791
2082790
2086520
2075499
2078260
2080252
2074983
2079398
2081437
2079399
2080068
2079869
2086051
2076665
2078607
2078493
2078441
2086886
2079397
2079396
2079390
2087535
2079400
2077946
2086540
2084183
2084182
2081172
2087143
2078270
2083109
2079866
2079901
2075331
2075283
2081337
2085645
2080587
2078464
2078551
2078609
2078582
2078414
2080570
2078410
2078485
2078498
2078390
2074655
2078422
2078061
2085845
2081461
2079368
2082860
2079401
2079402
2079360
2079361
2086747
2079362
2079870
2079363
2075837
2079364
2086853
2079366
2079365
2079367
2079369
2081396
2079370
2079371
2079864
2079372
2079894
2079373
2079374
2079375
2079376
2075941
2078605
2081527
2081085
2078373
2078456
2078565
2078753
2086464
2078385
2080481
2075314
2078541
2080855
2079377
2079378
2080172
2080171
2078426
2078506
2086763
2075458
2078444
2087151
2083118
2078488
2078495
2080856
2078602
2079884
2079862
2083116
2078489
2079871
2079872
2079809
2078606
2079874
2079875
2079873
2079586
2083057
2079876
2078689
2078688
2078690
2079877
2079913
2078691
2079568
2079565
2078487
2079878
2079910
2079614
2078694
2079613
2079879
2078571
2078757
2079880
2082777
2082776
2078564
2078581
2078457
2078608
2078442
2078547
2082335
2078586
2078409
2078583
2078443
2078401
2080186
2078492
2078447
2078548
2078381
2078471
2078612
2078520
2078433
2078370
2079881
2078375
2078780
2078588
2076422
2078510
2078453
2085712
2078430
2078429
2078692
2078693
2078695
2079882
2078698
2078377
2078504
2082286
2081642
2078696
2075667
2078513
2078750
2078697
2081911
2078525
2078699
2082466
2078592
2082443
2078701
2081711
2078386
2078587
2078702
2081899
2078703
2078704
2078502
2080110
2080350
2078700
2082589
2075895
2086117
2078705
2078387
2086442
2081983
2078706
2078568
2079924
2075481
2082531
2078707
2078425
2075676
2078709
2078710
2078708
2080906
2079808
2081759
2085074
2081294
2078711
2080562
2078712
2079060
2082008
2078713
2078716
2078388
2078714
2078559
2078599
2078715
2079883
2079824
2079825
2076746
2079826
2079827
2076824
2079828
2086216
2079912
2079829
2076768
2075875
2076054
2086825
2079830
2078720
2079807
2079899
2079831
2079832
2074739
2074614
2079833
2079834
2085648
2079835
2079836
2080310
2079819
2079837
2079580
2079838
2078732
2079840
2079839
2079905
2079841
2079842
2079843
2079844
2079896
2079845
2079810
2079847
2083114
2079846
2079848
2078666
2079581
2078662
2079849
2079850
2079851
2087527
2079852
2083115
2074863
2078663
2075928
2079854
2079853
2076790
2079856
2079904
2079855
2079857
2080731
2080907
2079064
2080455
2078657
2079061
2079062
2078665
2078661
2078650
2078654
2079063
2078669
2078664
2078652
2078729
2078718
2078826
2078653
2079494
2076101
