2078649
2078717
2076028
2076172
2079927
2078651
2080271
2078723
2078719
2081577
2078724
2078722
2078725
2078656
2082845
2078670
2078668
2078727
2084464
2075392
2078730
2078731
2078733
2079858
2076050
2075876
2079818
2078721
2078734
2086365
2078658
2086079
2078647
2075738
2081586
2087844
2079922
2079921
2079920
2082762
2086469
2079859
2080233
2075325
2080627
2080626
2080625
2080624
2080623
2083904
2078646
2078659
2078726
2078667
2079806
2079860
2079902
2086229
2083943
2080222
2076221
2078132
2080967
2079972
2080889
2079973
2080263
2076423
2079974
2083543
2081448
2082058
2080664
2081041
2083143
2078334
2077911
2082628
2079319
2078272
2078795
2077967
2080065
2078291
2078357
2080611
2080612
2079975
2084517
2079976
2085690
2085689
2080062
2079977
2079067
2082843
2078347
2076944
2078332
2078282
2078004
2077915
2078127
2076669
2080272
2078138
2078350
2078113
2079978
2080460
2078029
2078331
2075399
2078026
2080952
2079979
2077907
2079971
2076030
2086431
2078325
2078313
2076763
2077882
2078248
2080059
2086108
2076014
2080854
2077885
2077890
2082222
2077063
2080953
2079980
2078078
2077884
2080197
2078088
2080805
2080536
2081325
2078148
2080859
2084633
2078224
2078156
2084150
2079981
2079982
2079951
2084906
2078195
2077901
2079952
2079970
2078231
2078288
2079953
2078087
2078348
2079954
2085981
2077072
2085797
2075741
2079074
2078396
2078085
2078152
2075171
2077904
2079945
2079936
2077916
2086249
2077874
2077938
2079955
2086326
2080672
2077909
2078273
2077976
2086925
2080260
2080071
2078139
2077935
2078021
2080076
2078136
2078079
2078277
2078189
2086348
2080243
2083720
2078038
2075045
2078097
2077877
2086073
2076078
2077995
2085661
2077883
2078022
2078145
2078146
2078617
2082442
2081121
2078031
2078036
2079956
2078338
2080458
2086294
2078254
2078007
2086057
2077898
2086086
2086251
2078346
2075394
2082486
2078135
2080075
2078637
2077897
2078221
2086486
2077984
2078017
2078497
2078024
2078285
2083528
2078130
2080079
2078770
2075185
2080143
2075393
2082152
2081281
2081433
2080179
2080694
2080144
2081176
2084196
2077058
2081282
2082463
2078023
2082128
2081283
2081243
2085181
2078554
2087712
2078003
2078257
2081442
2081891
2080675
2081660
2077899
2080676
2081253
2078329
2081001
2084078
2085430
2080174
2078358
2078300
2085251
2078343
2087403
2078744
2075564
2077957
2076668
2084103
2083770
2084494
2084290
2084512
2079969
2085840
2086056
2086561
2079957
2079958
2081416
2079959
2075856
2080223
2080977
2079960
2087159
2079961
2079065
2077952
2078217
2081688
2080058
2080082
2087336
2084424
2087877
2075414
2075669
2079968
2079962
2080439
2078179
2075522
2080459
2080984
2080442
2080441
2080440
2076604
2080858
2080224
2080443
2074918
2078238
2075383
2075130
2079420
2078363
2080229
2080450
2078149
2077930
2078216
2080445
2079417
2080446
2078328
2078000
2078781
2080748
2078783
2077985
2080444
2080447
2078779
2077818
2080234
2080244
2079419
2080326
2080432
2079416
2075467
2081907
2081321
2080448
2076157
2080449
2081398
2080396
2076081
2086958
2081149
2078008
2083874
2078144
2078672
2077871
2077974
2080532
2078210
2078194
2078030
2078151
2080346
2078327
2078262
2078267
2080072
2078294
2080451
2079931
2078877
2080262
2078125
2078227
2080269
2077994
2078778
2078476
2080304
2080309
2080461
2080637
2080264
2077926
2078028
2078274
2080581
2078532
2078086
2080452
2078777
2078776
2086657
2078782
2078182
2078043
2078181
2081180
2076876
2077990
2075054
2080453
2080454
2080414
2080415
2080431
2080971
2074921
2078218
2078193
2078275
2080941
2074789
2080417
2078112
2079407
2080416
2080931
2080930
2080929
2080928
2080896
2080885
2078784
2079418
2079431
2081054
2084837
2077918
2078440
2078439
2078438
2078437
2078436
2078435
2078434
2081513
2074585
2074584
2074583
2074582
2082787
2087563
2078749
2080418
2075592
2080419
2080519
2078237
2082552
2080420
2077996
2081744
2080398
2077887
2080421
2078016
2077880
2080422
2086933
2078539
2080430
2080423
2080425
2081646
2087231
2081060
2080427
2078755
2078045
2078756
2078752
2078760
2081657
2078758
2078005
2082118
2083262
2086861
2078268
2075668
2075286
2080881
2080457
2076317
2078834
2076010
2079426
2080429
2080397
2076541
2074539
2079070
2079411
2079412
2076319
2078111
2082611
2079865
2078091
2078090
2085721
2084856
2080828
2077968
2080399
2078323
2079438
2080514
2080403
2080539
2080433
2080479
2078573
2078427
2080437
2080555
2074825
2078236
2080518
2077921
2083080
2076027
2080556
2080270
2080749
2080307
2080901
2078157
2080438
2080409
2080401
2080400
2078094
2078271
2080331
2085852
2080871
2087165
2080891
2080434
2080435
2076762
2082861
2080908
2078611
2078610
2080520
2078165
2080191
2078378
2078577
2080528
2086742
2080436
2080259
2080521
2080404
2083054
2085716
2076572
2085999
2083053
2076555
2082882
2078514
2085976
2085783
2087169
2087170
2087171
2087167
2087168
2087172
2087173
2087162
2087163
2087164
2087155
2087156
2078364
2087153
2080821
2080588
2080279
2078404
2078398
2080424
2085021
2080516
2080568
2078445
2078460
2075404
2087157
2087158
2087161
2087166
2087160
2087152
2078570
2080402
2086899
2079583
2080253
2080411
2086704
2078417
2080825
2079425
2075052
2078552
2087308
2080187
2078491
2078787
2078536
2078561
2080565
2085827
2082767
2078496
2080305
2080241
2078486
2078467
2078012
2080336
2080841
2080426
2078759
2086912
2078519
2082398
2080405
2080412
2080413
2082051
2076154
2080410
2086327
2083357
2083079
2077900
2083093
2082676
2082598
2076072
2078472
2078477
2078762
2079423
2080362
2078482
2080378
2080196
2078389
2080363
2080377
2080182
2080183
2081027
2076215
2078450
2080406
2078393
2080897
2078490
2078499
2080365
2086623
2078459
2080541
2080364
2080376
2080367
2080335
2078576
2078406
2080368
2080369
2080366
2078515
2080407
2078451
2080276
2080875
2080876
2078391
2080537
2078523
2080334
2080526
2080950
2080949
2080948
2080947
2080370
2080371
2080375
2078416
2078792
2078528
2080372
2078483
2080374
2080888
2080883
2080911
2078579
2080373
2078428
2080408
2080325
2078395
2078478
2079745
2078527
2078569
2078382
2078567
2080831
2078376
2080542
2078566
2078400
2078562
2078537
2079498
2078655
2080661
2078474
2078399
2078411
2080861
2087865
2086449
2078591
2078572
2078595
2080379
2081685
2081998
2080380
2080345
2078509
2076074
2082304
2087387
2078246
2086450
2082415
2081658
2079914
2078402
2085361
2080381
2080894
2087032
2078397
2081888
2086286
2076677
2086125
2078594
2086583
2078604
2086031
2078420
2078793
2080176
2078379
2075623
2078408
2078766
2078407
2078421
2078838
2080344
2078533
2078475
2080533
2078465
2080490
2080857
2080596
2080827
2078505
2080595
2078374
2078412
2078508
2087142
2080671
2080670
2085649
2078843
2081012
2078529
2078403
2078418
2078462
2078448
2080341
2080882
2078461
2078530
2078413
2076760
2082273
2078371
2083889
2078600
2078392
2078481
2075784
2080982
2080382
2076877
2080342
2080874
2078516
2082739
2080361
2085923
2085919
2080357
2080358
2080523
2080359
2075071
2075149
2087531
2080185
2080184
2078738
2078521
2078449
2078585
2078466
2078584
2078545
2083470
2078405
2078597
2078468
2078463
2078563
2078469
2078538
2078558
2078415
2078380
2078507
2078383
2080360
2080356
2086103
2078768
2078540
2078458
2078553
2078603
2078601
2078574
2076663
2086065
2080251
2078470
2078531
2078394
2078431
2078580
2078546
2078550
2079861
2079817
2079797
2079813
2079816
2079926
2079814
2078173
2079798
2079799
2079815
2078118
2083932
2078526
2078051
2079916
2078775
2079801
2079800
2075654
2086061
2078084
2078235
2078072
2079805
2079804
2079803
2078160
2083106
2078168
2079812
2080563
2077993
2078317
2079802
2078741
2078177
2078176
2087564
2078083
2080674
2080557
2079932
2077962
2079811
2079754
2079753
2079752
2087227
2078039
2078342
2079751
2079750
2079748
2079593
2079594
2078147
2079792
2079749
2079791
2076100
2081540
2078307
2078092
2082874
2077872
2078101
2077951
2078161
2077975
2078241
2077895
2079790
2076055
2086323
2077889
2080349
2077982
2078266
2077934
2078186
2079789
2080496
2078123
2079788
2079787
2078126
2078187
2079786
2077944
2078844
2078133
2078100
2079889
2078333
2079785
2079756
2079588
2079742
2080860
2080480
2078099
2078001
2079077
