2081450
2085663
2076360
2086923
2077182
2077185
2077181
2077184
2077180
2077183
2077179
2080714
2085865
2075363
2076652
2076052
2083032
2086361
2075154
2075281
2074878
2086470
2075080
2081471
2075068
2074672
2075025
2085863
2082753
2082096
2076364
2082984
2080944
2086887
2075285
2082358
2075101
2081489
2079591
2086711
2076102
2081475
2076070
2081607
2076742
2083523
2074967
2086701
2082851
2082501
2082067
2074962
2075174
2086918
2086077
2075351
2075441
2086693
2086891
2083731
2085664
2082126
2085851
2082883
2081599
2075935
2085810
2075206
2074960
2076528
2074586
2080690
2086745
2075817
2086869
2075305
2075209
2075083
2082386
2085757
2075078
2076424
2076605
2075223
2076504
2074976
2085188
2086828
2077177
2085874
2075505
2086909
2082305
2081465
2086106
2086705
2086679
2076695
2074942
2082771
2075132
2074972
2076371
2075863
2086663
2082526
2076472
2082752
2077186
2086448
2074855
2087053
2074575
2081013
2086731
2083659
2085802
2081666
2086484
2084068
2081261
2076367
2075276
2081049
2083124
2085186
2076505
2081296
2076536
2075675
2082379
2082374
2081564
2086964
2086269
2081410
2074729
2075216
2075975
2085994
2086718
2074937
2074938
2076523
2075519
2085868
2086708
2086709
2082251
2086726
2084834
2075387
2075727
2076570
2075796
2075324
2086862
2081418
2086112
2075014
2082023
2075257
2076574
2081453
2081819
2082198
2085376
2086082
2074809
2084847
2086141
2082583
2082440
2087327
2086444
2075053
2075842
2082084
2084843
2084050
2076691
2082224
2083013
2086894
2084306
2085897
2074730
2086519
2082636
2076714
2074494
2075454
2079900
2086253
2086873
2075104
2076372
2086751
2074754
2086888
2074484
2086765
2075121
2074540
2086865
2076251
2087090
2075378
2074939
2076796
2086695
2086594
2075021
2085909
2081937
2085861
2076640
2082015
2074978
2074941
2085891
2074726
2075636
2077175
2075408
2085261
2085652
2083264
2083081
2075202
2074861
2083091
2083481
2076196
2081200
2075854
2080123
2086741
2086837
2085722
2080118
2087056
2081456
2083266
2081565
2086671
2085688
2082700
2081447
2074674
2081777
2086250
2086754
2081575
2085740
2086231
2082828
2081196
2081549
2082783
2075714
2086777
2077044
2085854
2075472
2082650
2074635
2086902
2086749
2075056
2074991
2081650
2081402
2075091
2075468
2075111
2076173
2074522
2075011
2085956
2076700
2082066
2075040
2076715
2074557
2075384
2076137
2084852
2076008
2086859
2075175
2076558
2082802
2076506
2075972
2087048
2076507
2082620
2081977
2076425
2082780
2086291
2082879
2075813
2075367
2075346
2076667
2085180
2074856
2075869
2076427
2082044
2083533
2081207
2075061
2075062
2076532
2076071
2086809
2074882
2085771
2086232
2075578
2082784
2082869
2074486
2075987
2085871
2075628
2076311
2086667
2080716
2082312
2082866
2074964
2074873
2086075
2086841
2086840
2086839
2086838
2083128
2083503
2082665
2077172
2086608
2076403
2080164
2082664
2086694
2085821
2083890
2087042
2075950
2086321
2082115
2076614
2076003
2086290
2076778
2079687
2075409
2075569
2081452
2078320
2078316
2075148
2085903
2085902
2075155
2079675
2078056
2078057
2078335
2075476
2082252
2079679
2082502
2078967
2079688
2079689
2077869
2082237
2080840
2084728
2084729
2084730
2084731
2084732
2084733
2084734
2084727
2075868
2076164
2079676
2079690
2074894
2086028
2078089
2080469
2077686
2078011
2077743
2079691
2077643
2076103
2082835
2079256
2079350
2086497
2079947
2079692
2086350
2079693
2076698
2079694
2082186
2082827
2082315
2081859
2075427
2075767
2079695
2075377
2082277
2075255
2079696
2078121
2075406
2075410
2082190
2076228
2081150
2086248
2079697
2078164
2078432
2083014
2077903
2082284
2078284
2078074
2084830
2079575
2082122
2076858
2084779
2080884
2079890
2075779
2079698
2078295
2076772
2075617
2076723
2074610
2086129
2082091
2076731
2086175
2075561
2080327
2079668
2079915
2082417
2079897
2079669
2081488
2076090
2083087
2079609
2077447
2078154
2079287
2084519
2079215
2079158
2079670
2079671
2079211
2078067
2079677
2080955
2084894
2080474
2080489
2075595
2085064
2079572
2087340
2079672
2078297
2078302
2080960
2084121
2081732
2085407
2078222
2080849
2080848
2080744
2079662
2078077
2085660
2087522
2079234
2078279
2078198
2079664
2079663
2079665
2079666
2077942
2079667
2078122
2078367
2077929
2080063
2079632
2078046
2080024
2077886
2077548
2078058
2078226
2077953
2078301
2078049
2086615
2085927
2085928
2078040
2079661
2077566
2087524
2078239
2079660
2079659
2080057
2078178
2079201
2077109
2087830
2081157
2081887
2075521
2077511
2080115
2087386
2077062
2077065
2082623
2077489
2077068
2079220
2078185
2079638
2078096
2078251
2077965
2078205
2077959
2077983
2080826
2086974
2080733
2079117
2080256
2080255
2075805
2087633
2085534
2079907
2079906
2075608
2079253
2080615
2077576
2080729
2079547
2077570
2079227
2079114
2079917
2081440
2086085
2077549
2077507
2079226
2079918
2080254
2075539
2080601
2080600
2079100
2087545
2087544
2087543
2087542
2079218
2087534
2079104
2079247
2080257
2077477
2079634
2075971
2079223
2077525
2080614
2079569
2077726
2079250
2079232
2075852
2077725
2079230
2079635
2079115
2081571
2076687
2075914
2082334
2077987
2080192
2084653
2086114
2079224
2079636
2075602
2079216
2079919
2077551
2076862
2076706
2080728
2086468
2079207
2075530
2082229
2081579
2077727
2079209
2082339
2084520
2085776
2079637
2079673
2082722
2082723
2077978
2080277
2078247
2086307
2079909
2080198
2079159
2080942
2079627
2080943
2080945
2087523
2080319
2079628
2077932
2077690
2079626
2079570
2079680
2078171
2080473
2078355
2079625
2078109
2085364
2076822
2079633
2083861
2083815
2078340
2084412
2075158
2077893
2081503
2084219
2077104
2078339
2080008
2079623
2081098
2078080
2080009
2077937
2080823
2078190
2079205
2079622
2078281
2081936
2078192
2079621
2078361
2078124
2079620
2081215
2078119
2079619
2080189
2078167
2083034
2077963
2079585
2078223
2077902
2075997
2077724
2076784
2076781
2080333
2077783
2075890
2079618
2077472
2075581
2080472
2079617
2079911
2083396
2077806
2077769
2079616
2079615
2077851
2079629
2077768
2077801
2077858
2077855
2077836
2080564
2084435
2079643
2077762
2080887
2077813
2079642
2077807
2080320
2077790
2077811
2083759
2077857
2077830
2077834
2077850
2077804
2077826
2079630
2077773
2077792
2079983
2077775
2077835
2079631
2075135
2085421
2077776
2077819
2077824
2080723
2077853
2077764
2077794
2077812
2080066
2081233
2077789
2079599
2077772
2079600
2077788
2077866
2086658
2077756
2086916
2082133
2080650
2077861
2077752
2077797
2079601
2077808
2086428
2077828
2082389
2081612
2081359
2080491
2077777
2077859
2077786
2078473
2077814
2079602
2077071
2079603
2081964
2079604
2079605
2077761
2077048
2077795
2077831
2077841
2079606
2077825
2077838
2077760
2087928
2077810
2077784
2076738
2086226
2075811
2077779
2079607
2080007
2082271
2082146
2077766
2075350
2086354
2087539
2075259
2080330
2078685
2082521
2084131
2082384
2076428
2076429
2080006
2077832
2080078
2080021
2077845
2080081
2083789
2075812
2077867
2082499
2077823
2077829
2078206
2079225
2076109
2085166
2079118
2080049
2082076
2079221
2081706
2085151
2084445
2077061
2082219
2078032
2080465
2077913
2078326
2076953
2078114
2082668
2081772
2086453
2078052
2080048
2079186
2078155
2083082
2086430
2078230
2079125
2083401
2080047
2078019
2079531
2079542
2079527
2086069
2076124
2075934
2079537
2079529
2079530
2077977
2079540
2079541
2079532
2083474
2084681
2078315
2080666
2079544
2079526
2079539
2079528
2081255
2079525
2079535
2079534
2079538
2086271
2075922
2079543
2076091
2078352
2079940
2079938
2087026
2078341
2078095
2078066
2080046
2078336
2078060
2078253
2080045
2077523
2080022
2078071
2081275
2082080
2075422
2080043
2080069
2080042
2078184
2078310
2078290
2077057
2086063
2077577
2077587
2079340
2075184
2077580
2082141
2082072
2081707
2077582
2080628
2075326
2077568
2077569
2079202
2077583
2077584
2077579
2077585
2080041
2077588
2077589
2086817
2079592
2080040
2077591
2077592
2077593
2077594
2077595
2086041
2079406
2085789
2080039
2085788
2077564
2077586
2080038
2077599
2077600
2078682
2077732
2077612
2077601
2077590
2077602
2077603
2077729
2077558
2077604
2077605
2081006
2079342
2080221
2079511
2077606
2079241
2080946
2082181
