2086625
2079075
2080965
2077607
2077608
2082017
2083757
2077609
2078620
2077561
2077130
2077610
2081818
2076199
2082480
2077611
2075843
2077613
2077614
2082847
2080055
2077615
2077556
2077616
2080025
2080054
2086283
2080053
2077617
2083790
2075123
2077618
2082246
2080119
2080832
2085422
2077619
2080052
2082187
2077559
2077560
2082109
2080051
2081719
2077620
2082471
2081879
2082873
2077622
2080004
2080384
2080393
2080394
2080395
2080383
2080385
2080386
2080387
2080388
2080389
2080390
2080391
2080392
2077623
2077626
2077553
2077552
2082240
2080468
2081300
2081301
2077628
2080005
2080464
2077629
2081551
2081552
2086451
2082655
2081809
2077631
2080030
2077632
2076884
2075487
2075400
2075498
2077502
2077501
2080031
2077733
2080032
2075470
2082563
2080348
2074827
2080000
2077730
2077578
2079252
2084882
2076857
2075484
2077636
2077572
2077567
2086237
2075609
2076923
2086458
2086238
2083365
2077546
2077545
2077999
2077640
2079999
2077641
2080023
2080033
2080227
2080034
2077113
2080035
2080016
2079993
2080036
2079943
2080086
2076883
2086541
2079254
2079106
2079107
2077734
2077646
2079255
2077647
2080073
2080037
2077644
2075127
2075128
2080003
2077066
2083317
2077648
2079946
2077649
2077650
2077735
2077651
2076971
2083758
2075906
2079195
2079194
2079997
2079998
2077654
2077653
2077178
2079193
2079192
2079198
2079199
2077656
2082070
2077655
2079109
2079108
2081969
2079196
2079197
2077737
2074667
2075735
2082408
2080028
2081303
2077659
2080467
2080029
2082579
2080027
2079514
2080002
2080001
2076162
2077660
2080905
2076766
2082230
2075931
2080026
2077738
2077661
2080466
2075882
2076068
2077728
2086162
2080734
2083399
2075705
2075758
2076018
2075831
2080141
2075711
2075988
2075317
2081222
2079577
2085136
2079072
2077663
2077662
2077739
2080019
2080020
2077664
2077665
2077666
2077667
2080018
2077669
2077670
2077671
2080017
2077740
2078269
2080015
2077672
2077673
2080014
2077674
2076152
2077708
2086502
2077676
2076048
2076161
2077596
2076679
2076082
2086423
2077741
2076049
2077677
2082458
2077598
2079177
2079176
2079175
2079174
2079173
2079172
2079171
2079170
2077678
2077679
2077680
2077681
2080190
2079991
2075507
2080013
2080511
2080012
2081262
2086495
2079338
2087404
2081083
2081198
2077742
2074546
2078318
2075909
2079536
2080011
2077682
2077685
2086619
2075833
2077041
2077684
2079987
2080167
2083802
2077683
2082151
2077687
2077689
2077688
2082478
2079990
2077691
2080064
2077694
2079941
2078683
2077852
2077798
2075588
2075797
2086454
2075510
2085032
2081797
2080092
2081538
2083957
2077753
2086137
2082644
2077839
2083661
2075516
2087453
2079188
2079994
2080160
2080620
2077748
2079059
2082179
2077782
2079995
2079524
2082153
2077695
2075583
2077744
2077696
2080649
2077697
2077698
2081056
2077699
2085835
2085836
2077700
2075582
2081596
2080010
2087549
2082489
2079563
2087071
2081568
2075088
2083880
2086349
2082680
2079333
2082441
2082104
2084835
2081340
2085476
2085477
2085478
2085479
2085480
2085481
2085482
2085483
2085484
2087578
2087872
2083312
2084272
2084242
2084768
2084064
2085174
2084308
2087813
2085306
2084073
2082040
2085171
2082036
2076779
2077701
2075683
2079996
2076875
2076009
2078684
2075506
2077989
2077652
2082092
2077785
2079984
2084929
2081813
2075603
2077745
2081870
2078575
2078556
2078578
2077703
2076815
2081810
2079963
2076115
2079705
2086372
2087307
2082083
2086427
2079507
2081995
2083545
2077746
2075596
2081604
2086513
2083363
2076131
2075304
2077704
2077705
2081466
2083471
2081712
2077706
2080641
2080642
2080610
2080609
2080608
2075232
2082399
2076430
2080966
2075994
2077707
2079349
2077709
2079964
2079518
2082616
2082661
2086485
2079965
2086429
2079502
2081966
2086889
2075336
2079497
2087905
2086639
2080120
2079508
2079556
2086645
2077710
2082695
2079557
2079481
2079503
2079509
2083696
2086724
2084876
2082264
2075508
2083765
2077711
2077712
2075798
2079966
2083795
2077713
2075260
2077714
2079122
2075889
2081267
2079353
2077642
2085005
2077715
2077736
2079501
2086573
2087559
2079513
2077720
2077719
2077722
2077747
2080067
2077723
2079967
2077115
2081795
2077833
2082285
2079986
2077856
2077817
2077863
2086467
2079439
2076684
2079985
2080462
2079925
2080576
2084187
2077770
2083022
2081052
2086968
2081038
2083653
2086604
2080736
2085012
2087938
2085686
2150082
2149575
2147564
2147528
2085325
2149579
2149574
2149567
2147579
2149638
2149566
2084250
2085359
2087677
2084149
2147599
2083582
2086532
2084657
2077168
2084529
2083535
2084113
2083750
2149557
2147548
2084352
2084082
2084008
2084132
2149561
2147597
2087033
2147562
2149572
2084095
2083515
2087295
2086635
2101412
2083819
2101400
2084773
2086723
2083532
2083083
2086634
2087541
2082748
2086849
2082426
2074687
2082892
2084710
2074537
2076236
2083263
2074490
2074554
2082868
2076639
2075940
2075355
2085858
2085988
2075270
2074631
2075832
2075828
2075736
2075932
2075795
2076751
2075790
2075808
2075901
2075915
2075920
2080543
2081989
2082102
2081756
2075992
2076333
2076610
2086823
2080558
2082094
2075253
2075492
2083949
2075203
2085833
2075087
2087907
2080535
2075562
2076277
2076350
2075225
2075230
2076644
2074648
2080657
2080658
2080659
2080660
2080165
2075096
2087557
2085019
2076535
2086737
2076568
2076599
2076609
2075372
2075292
2076612
2076807
2075361
2076498
2084990
2075271
2075559
2085014
2087533
2076282
2075405
2080604
2081062
2087540
2075477
2086078
2085448
2082046
2081827
2085742
2082431
2082170
2086971
2086487
2082279
2075491
2080156
2086072
2086035
2082368
2082494
2086499
2086102
2085913
2086729
2086872
2085896
2086755
2075133
2075309
2085926
2074840
2076688
2082474
2074629
2080266
2086220
2085957
2075917
2080230
2074521
2074520
2074519
2074518
2081088
2074917
2074857
2074807
2075103
2074683
2076566
2074764
2082755
2074743
2074868
2074699
2076564
2074869
2074899
2074675
2074766
2074821
2074913
2074759
2074837
2075033
2074904
2075273
2074728
2074732
2074915
2082782
2080268
2086019
2074745
2074738
2086960
2084912
2076671
2075181
2074731
2076597
2079185
2079184
2079183
2079182
2079181
2079180
2079179
2079178
2086335
2076537
2076538
2085233
2085234
2085235
2085236
2085237
2085238
2085239
2085240
2084858
2084867
2084868
2084869
2084870
2084871
2084872
2084873
2084859
2084860
2084861
2084862
2084863
2084864
2084865
2084866
2083380
2083333
2084452
2083336
2083348
2083344
2083343
2083342
2083341
2083340
2084363
2083351
2084454
2087461
2085282
2085281
2085297
2084055
2085315
2084056
2085191
2087598
2085523
2087636
2083702
2083672
2083468
2087693
2087692
2083517
2083994
2087460
2085340
2084800
2087632
2087355
2087579
2083427
2087855
2083452
2083473
2087646
2087735
2084816
2087472
2085213
2083457
2087630
2085293
2087570
2083999
2084930
2084044
2085460
2085232
2085190
2083995
2084938
2084939
2083469
2084007
2084053
2083996
2085432
2087757
2087672
2083714
2087782
2087781
2084949
2084935
2084978
2087643
2085582
2085508
2087434
2087581
2084569
2087680
2087814
2084948
2087720
2083426
2085556
2085557
2085555
2087405
2087409
2084829
2084063
2085437
2085089
2083512
2087614
2085532
2083698
2083665
2084563
2085196
2085522
2087612
2087611
2087731
2084540
2084539
2084538
2084537
2084536
2084535
2084941
2083697
2085087
2083719
2085319
2087719
2087367
2087652
2087651
2087756
2087755
2087754
2087753
2087378
2087784
2084432
2085579
2085578
2085577
2085576
2085575
2084961
2084960
2084959
2084958
2084957
2085312
2085311
2085310
2085309
2085308
2087748
2087747
2087746
2087745
2087744
2087743
2087742
2087741
2087740
2087739
2087738
2085078
2085077
2085076
2085075
2085391
2085390
2085389
2085388
2085387
2085386
2085385
2085384
2085626
2084625
2084626
2084624
2084623
2084622
2084621
2084620
2084619
2084618
2084617
2084616
2084615
2084614
2085214
2087640
2084931
2087801
2083472
2085548
2084824
2083451
2085302
2084034
2085547
2085341
2085301
2084562
2087733
2084350
2085368
2087608
2085475
2087629
2083450
2087852
2084610
2084609
2087365
2087717
2085295
2085485
2087622
2087702
2087650
2084565
2084195
2087721
2085488
2085307
2083408
2087718
2083488
2084587
2083496
2085501
2085499
2085498
2085497
2085496
2085443
2085442
2085441
