2085440
2085439
2085412
2084605
2084604
2083693
2084758
2087669
2084046
2083436
2085218
2085636
2084359
2087591
2084637
2084950
2085445
2087447
2084571
2087676
2085372
2083453
2084047
2087388
2087723
2084602
2087617
2084582
2087366
2084362
2084594
2084003
2087653
2084597
2085365
2084828
2087624
2085559
2084466
2084490
2085551
2085408
2084434
2084475
2085550
2084947
2087726
2085118
2085131
2084567
2084477
2087635
2085554
2084486
2085162
2085163
2085411
2084581
2084534
2084946
2085431
2087619
2085111
2085110
2085109
2087406
2085537
2085290
2085314
2085313
2084396
2084395
2087841
2087621
2085104
2087824
2083456
2085068
2083807
2084357
2085280
2087727
2085321
2084814
2083499
2085491
2087421
2083458
2085139
2087647
2087354
2085511
2084041
2084040
2084972
2084971
2085472
2085471
2085339
2085338
2087779
2087780
2085418
2085417
2087595
2084235
2084234
2087596
2084791
2087851
2085507
2085516
2084484
2083854
2083853
2083504
2084413
2083475
2085600
2085599
2084428
2083857
2083856
2083419
2084813
2084386
2085145
2084902
2084901
2083816
2085500
2083842
2083843
2084885
2084884
2083840
2083839
2083838
2083837
2083836
2083835
2083834
2085083
2085082
2085081
2085080
2084889
2084888
2084887
2084886
2085357
2083784
2085373
2083821
2084601
2085423
2083844
2085612
2085611
2085610
2085609
2085608
2085607
2085606
2085605
2085604
2085603
2085602
2085601
2085353
2085352
2085351
2085350
2085349
2085348
2085347
2085346
2085345
2085344
2085343
2085342
2085544
2084934
2085545
2084940
2084944
2084945
2084956
2084963
2084964
2085546
2084975
2084977
2087766
2087765
2087764
2087763
2087762
2087761
2087760
2087759
2087758
2087778
2087777
2087776
2087775
2087774
2087773
2087772
2087771
2087770
2087769
2087768
2087767
2085133
2085105
2084442
2084441
2085515
2085639
2087609
2085289
2083420
2087427
2085598
2085597
2085596
2085595
2085594
2085593
2085592
2085591
2084962
2087435
2087411
2083506
2084649
2083954
2084012
2087783
2085549
2087620
2083677
2087443
2084038
2084375
2084647
2083768
2084918
2085474
2087454
2087577
2084670
2087607
2087678
2087825
2084243
2087787
2087786
2087414
2087626
2085638
2087822
2084351
2087418
2084048
2084897
2083425
2084822
2087853
2083700
2085322
2087357
2087694
2084576
2084796
2085354
2087353
2083437
2084411
2084410
2084409
2084408
2084407
2084406
2084405
2084404
2084403
2084402
2084011
2084613
2083804
2083803
2083678
2083692
2083691
2083690
2083689
2083688
2083687
2083686
2083685
2083683
2083684
2083682
2083681
2083680
2083679
2084546
2084560
2084559
2084558
2084557
2084556
2084555
2084554
2084553
2084551
2084552
2084550
2084549
2084548
2084547
2085614
2085624
2085623
2085621
2085620
2085619
2085618
2085617
2085622
2085615
2085616
2084767
2084766
2084765
2085070
2085071
2085069
2084757
2084756
2084755
2084022
2084021
2084020
2084753
2084752
2084751
2083808
2083812
2083811
2083810
2083809
2087660
2087668
2087667
2087666
2087665
2087664
2087663
2087662
2087661
2084965
2084969
2084968
2084967
2084966
2084468
2084472
2084471
2084470
2084469
2087682
2087690
2087689
2087688
2087687
2087686
2087685
2087684
2087683
2084013
2084019
2084018
2084017
2084016
2084015
2084014
2084455
2084463
2084462
2084461
2084460
2084459
2084458
2084457
2084456
2087655
2087659
2087658
2087657
2087656
2084274
2084275
2085520
2083852
2084473
2085641
2085640
2084062
2084061
2084060
2084059
2084058
2085519
2084267
2084266
2084892
2087641
2084263
2083988
2084331
2084291
2084237
2084141
2084316
2083987
2083531
2084479
2083733
2083498
2084241
2084240
2084574
2084425
2084924
2084292
2085564
2085563
2085562
2085029
2084467
2084771
2084322
2084295
2084917
2087944
2083869
2085355
2087729
2084909
2084932
2084508
2084515
2084770
2084236
2083734
2085155
2085154
2085153
2084793
2084260
2085410
2083788
2083787
2085371
2085370
2084827
2084826
2085415
2085414
2087645
2087794
2087795
2087789
2087790
2087791
2087797
2087800
2087799
2087792
2087793
2087798
2087796
2084271
2084270
2084269
2084268
2083158
2083157
2083156
2083155
2083154
2083153
2083152
2083151
2083817
2085093
2085092
2084718
2083870
2084239
2084238
2083846
2084371
2083497
2083986
2084742
2084296
2084312
2084339
2083742
2083824
2087751
2087752
2083699
2084500
2084499
2084496
2084498
2084497
2085393
2085392
2084329
2084140
2084433
2083866
2083865
2083864
2083863
2084307
2083751
2085574
2085573
2085572
2085571
2085570
2085569
2085568
2087806
2087705
2084010
2085409
2083806
2085433
2085135
2085356
2087648
2084345
2084570
2084262
2084168
2083537
2084335
2087566
2083522
2084611
2084033
2084284
2084598
2084449
2083820
2084591
2087703
2087394
2084175
2083418
2083711
2085489
2083500
2087374
2084258
2087631
2084137
2084451
2084090
2084802
2084505
2085224
2084127
2084502
2083848
2087603
2084093
2084427
2083433
2085444
2084115
2087397
2085300
2085299
2084101
2084100
2083552
2087446
2087445
2083643
2083642
2083644
2083641
2083640
2083578
2084091
2085130
2085129
2085128
2085587
2085586
2087707
2084789
2084135
2085117
2085625
2083876
2083823
2083736
2083525
2083526
2087441
2084341
2084315
2084338
2084385
2084384
2084383
2084382
2084381
2084380
2084379
2084378
2084377
2084376
2087586
2087585
2087584
2087583
2083860
2083859
2085147
2085146
2083830
2083829
2083828
2083827
2083831
2083826
2083825
2084936
2084294
2084249
2084248
2084247
2084246
2084245
2084244
2083763
2084092
2084600
2084911
2087713
2087346
2085560
2084076
2084797
2084146
2084145
2084144
2084085
2084084
2084083
2083540
2083539
2083538
2083662
2085413
2085590
2085589
2083664
2084593
2084163
2084162
2084161
2084344
2084343
2084342
2085126
2084439
2084438
2084287
2083716
2083715
2084009
2084355
2083555
2083648
2083651
2083649
2084942
2083353
2083352
2084495
2084450
2084754
2083708
2083564
2083216
2083217
2197935
2083193
2085201
2086982
2086984
2086985
2086845
2086980
2086978
2086983
2083178
2083176
2083172
2083170
2083169
2083167
2083168
2083164
2083165
2083162
2083160
2083166
2083174
2086987
2085015
2085643
2085642
2087150
2087266
2087275
2087276
2087285
2087284
2084688
2083177
2083175
2083173
2083171
2083163
2083161
2083159
2084694
2084192
2087613
2087939
2084812
2087925
2087474
2084991
2084474
2085270
2085269
2087479
2084171
2087444
2084717
2083435
2085101
2087826
2087936
2087940
2083737
2084310
2087817
2084119
2083534
2084760
2085463
2085091
2083801
2087335
2087924
2084279
2085465
2083934
2083728
2085396
2087416
2087495
2084778
2087415
2084179
2083971
2084775
2087475
2084118
2085211
2084066
2084706
2087506
2084809
2085210
2085247
2084808
2087589
2084811
2084883
2084443
2083754
2087344
2087509
2084117
2084077
2085249
2084157
2083980
2084116
2087941
2084631
2087816
2087902
2087850
2083441
2083875
2084147
2087929
2087413
2085053
2087901
2083873
2083729
2087333
2087823
2084079
2084327
2087515
2084780
2083663
2084527
2083946
2084776
2084401
2083888
2085043
2085002
2087610
2085199
2083944
2084143
2083413
2084739
2085108
2084636
2083885
2087681
2084069
2087833
2083927
2084210
2084794
2084325
2087623
2084671
2084533
2085035
2085034
2084419
2085223
2087428
2087875
2083738
2084786
2083969
2087869
2083442
2087910
2085046
2085152
2084228
2084218
2084683
2085056
2085063
2085252
2087368
2084666
2085510
2084170
2087300
2084229
2087915
2085052
2087873
2087315
2085018
2087481
2083938
2085512
2087407
2084501
2087505
2084525
2084197
2084334
2087625
2083929
2084702
2084654
2085017
2087499
2085195
2087498
2087402
2087913
2085204
2085088
2084696
2084695
2084159
2084070
2085030
2085266
2085265
2085159
2087604
2087375
2087376
2087638
2083989
2085438
2085138
2085189
2087314
2084215
2087821
2087890
2085036
2085037
2084790
2085038
2084774
2084704
2087420
2085025
2087785
2087348
2085279
2084465
2087615
2083972
2087513
2085267
2087321
2087892
2085022
2084677
2084189
2087480
2084781
2085055
2084599
2084655
2087356
2085268
2085552
2087827
2084542
2087393
2084217
2085026
2087874
2084522
2083730
2087600
2084648
2084233
2087889
2084002
2087521
2087520
2084785
2084678
2084658
2084595
2083752
2083965
2087503
2083952
2087514
2085107
2084782
2084788
2084431
2084628
2085033
2083724
2084214
2087396
2084212
2084178
2083412
2084298
