2084180
2087836
2085450
2083667
2084815
2087325
2087933
2084663
2084227
2084988
2085533
2083443
2083973
2084656
2087400
2087399
2084665
2085028
2085027
2084065
2084226
2087734
2087886
2085116
2087942
2085079
2087880
2087316
2083524
2084632
2084200
2085209
2085531
2084176
2085253
2084708
2084638
2087493
2083975
2085248
2097672
2085366
2084875
2085374
2084983
2087049
2081567
2080701
2074970
2080084
2074944
2076271
2076281
2075267
2080838
2083101
2083102
2086070
2086071
2080918
2080919
2080922
2086098
2084980
2076529
2080917
2074885
2085912
2080785
2084045
2076151
2082422
2080352
2080353
2075618
2080921
2075695
2080766
2076499
2080760
2080784
2080783
2074572
2076235
2080920
2075976
2080782
2080781
2080916
2080780
2075411
2075412
2076744
2075464
2075765
2080273
2082401
2076550
2076659
2076414
2074875
2075075
2075215
2076253
2076254
2076255
2076256
2087349
2076243
2076244
2076245
2080846
2082254
2081490
2081639
2081640
2081501
2084722
2080839
2075415
2076494
2075198
2075293
2080789
2075624
2085001
2074956
2075702
2075851
2080761
2080779
2084513
2080778
2080790
2080791
2080792
2080777
2075548
2080835
2076241
2080762
2080775
2080776
2076270
2076593
2075364
2083510
2080788
2080774
2085006
2087455
2084689
2076265
2074959
2082786
2082785
2080763
2083002
2085839
2076674
2086836
2086835
2086834
2086833
2086832
2086831
2086830
2087530
2085538
2087561
2083056
2076224
2075084
2075199
2075371
2084122
2084687
2080248
2076237
2082267
2080773
2082768
2075003
2076203
2074645
2076384
2075112
2081828
2074555
2081729
2082255
2075107
2075064
2086047
2075334
2085826
2080764
2087926
2086552
2080837
2080836
2076520
2083265
2075300
2076666
2080765
2076276
2076275
2076274
2076273
2080914
2086011
2076269
2074952
2076272
2076381
2076380
2076379
2076378
2076377
2076791
2075188
2081585
2076146
2075274
2075528
2081716
2086296
2087379
2083695
2086243
2075865
2080786
2086725
2076497
2080770
2080771
2080698
2080699
2080772
2080915
2076805
2080787
2080847
2085878
2080767
2084478
2075237
2075936
2083477
2086863
2075194
2076788
2082022
2082658
2076280
2086883
2075214
2082523
2076795
2075105
2082257
2080845
2076296
2086303
2080759
2075002
2076500
2075460
2076257
2081587
2075450
2076495
2076496
2080769
2080768
2081633
2084423
2085518
2087528
2084108
2084982
2085553
2086100
2086099
2086097
2087536
2087857
2083793
2087736
2084672
2083735
2087099
2083508
2083507
2087235
2083403
2085324
2085323
2083514
2085277
2083383
2083338
2083369
2083361
2085086
2085085
2083334
2083322
2083346
2083331
2080999
2080998
2080997
2080572
2080732
2080280
2080996
2080995
2080994
2080544
2080621
2080308
2080159
2080799
2080796
2080613
2080634
2080795
2080803
2080852
2080851
2080804
2080850
2080166
2080646
2080574
2080630
2080622
2081077
2080575
2080603
2080730
2080258
2080735
2080245
2080652
2083037
2080640
2080644
2080582
2080155
2080631
2080147
2080274
2080991
2080990
2080989
2080988
2080987
2080986
2080506
2080497
2080505
2080504
2080503
2080502
2080501
2080500
2080499
2080498
2080993
2080992
2080554
2076198
2075820
2075207
2076044
2076035
2076034
2076043
2076042
2076041
2076040
2076039
2076038
2076037
2076036
2082652
2082265
2082370
2082678
2086115
2086700
2076471
2076305
2075524
2075725
2085879
2082894
2082899
2082900
2082901
2082902
2082903
2082904
2082905
2082906
2082907
2082908
2082909
2082910
2082911
2082912
2082913
2082914
2082915
2082916
2082917
2082918
2082919
2082920
2082921
2082922
2082923
2082924
2082925
2082926
2082927
2082928
2082929
2082930
2082931
2082932
2082933
2082934
2082935
2082936
2082937
2082938
2082939
2082940
2082941
2082942
2082943
2082944
2082946
2082947
2082948
2082949
2082950
2082951
2082952
2082953
2082954
2082955
2082956
2082957
2082958
2082959
2082960
2082961
2082962
2082963
2082964
2082965
2082966
2082967
2082968
2082969
2082970
2082971
2082972
2082974
2082975
2082976
2082977
2082978
2082979
2082980
2082981
2082982
2082973
2082945
2082898
2082897
2082896
2082895
2086379
2086380
2086381
2086382
2086383
2086384
2086385
2086386
2086387
2086392
2086391
2086390
2086389
2086388
2075689
2075535
2080138
2080152
2080145
2080177
2080158
2081519
2081520
2081521
2081522
2080168
2080169
2080170
2080655
2080161
2080696
2080593
2080663
2080794
2087856
2083100
2083099
2083098
2083097
2083096
2083095
2083094
2086422
2086421
2086420
2086419
2086418
2086417
2086416
2086415
2086414
2086413
2086412
2086411
2086410
2086409
2086408
2086407
2086406
2086405
2086404
2086403
2086402
2086401
2086400
2086399
2086398
2086397
2086396
2086395
2086394
2079520
2082692
2084043
2080872
2076130
2087031
2087265
2087264
2085743
2079495
2083606
2083607
2083608
2083609
2083610
2083611
2083612
2083613
2083614
2083615
2083616
2083617
2083618
2083619
2083620
2083621
2083622
2083623
2083624
2083625
2083626
2083627
2083584
2083596
2083595
2083594
2083593
2083589
2083588
2083587
2083586
2083585
2083597
2083592
2083591
2083590
2083600
2083605
2083598
2083604
2083603
2083602
2083601
2083599
2081830
2081831
2081833
2081834
2081835
2081838
2081839
2081844
2081846
2081847
2081848
2081852
2081843
2081842
2081841
2081840
2081837
2081836
2081851
2081832
2081850
2081849
2081845
2087013
2087014
2087015
2087016
2087017
2087018
2087020
2087021
2087022
2087023
2087024
2087012
2086210
2086201
2086200
2086199
2086198
2086197
2086196
2086195
2086194
2086193
2086192
2086209
2086191
2086190
2086189
2086188
2086187
2086186
2086185
2086184
2086183
2086182
2086208
2086181
2086207
2086206
2086205
2086204
2086203
2086202
2083505
2081351
2087554
2087867
2079328
2075630
2074715
2074714
2074713
2074712
2074711
2074710
2074709
2074708
2074564
2086148
2086159
2086150
2086149
2086158
2086157
2086156
2086155
2086154
2086153
2086152
2086151
2074530
2081941
2082983
2084953
2084952
2084951
2085962
2085961
2085960
2085959
2083200
2074534
2074487
2086773
2075417
2079444
2079443
2079442
2086712
2074574
2084907
2087916
2082985
2082986
2082987
2082988
2082989
2082990
2082991
2082992
2082993
2082994
2082995
2082996
2082997
2082998
2082999
2083000
2083001
2086854
2080113
2080112
2085951
2085942
2085941
2085940
2085939
2085938
2085937
2085936
2085935
2085934
2085933
2085950
2085932
2085949
2085948
2085947
2085946
2085945
2085944
2085943
2075150
2074893
2077451
2085208
2085207
2085206
2085205
2085402
2085405
2085404
2085403
2087233
2087234
2087236
2087237
2087238
2087239
2087240
2087241
2087242
2087243
2087244
2087245
2087246
2087247
2087248
2087249
2087250
2087251
2087252
2087253
2087254
2087255
2087256
2087257
2087258
2087262
2087261
2087260
2087259
2081770
2081769
2081768
2081767
2084039
2076567
2082706
2082707
2082709
2082710
2082711
2082712
2082708
2082705
2084652
2084651
2083387
2083386
2083385
2087808
2081653
2081654
2078360
2078359
2084916
2084915
2085158
2078015
2082191
2078104
2078366
2078365
2083813
2083814
2085822
2084361
2084414
2081244
2081245
2083650
2087412
2085397
2079325
2075005
2075004
2087464
2087466
2087465
2087463
2087468
2087467
2081736
2081735
2081734
2085011
2085010
2085009
2085008
2074663
2079552
2083384
2086479
2084608
2084607
2084606
2077448
2082020
2087001
2087000
2086999
2086998
2086997
2086996
2086995
2086994
2087007
2087006
2087005
2087004
2087003
2087002
2084596
2086758
2086757
2086756
2075937
2083984
2084277
2079242
2086551
2086550
2086549
2084134
2084124
2084123
2076450
2077449
2087716
2087715
2087140
2087141
2080703
2078106
2083639
2086633
2081429
2081009
2083562
2083741
2086632
2086631
2086630
2083144
2076578
2074668
2075007
2080619
2080559
2080656
2087710
2085401
2085400
2085399
2085398
2085298
2085134
2082245
2075640
2075639
2075638
2085829
2085828
2075000
2077420
2075647
2082055
2074517
2082414
2083925
2083916
2083915
2083914
2083913
2083912
2083911
2083910
2083909
2083908
2083907
2083924
2083906
2083923
2083922
2083921
2083920
2083919
2083918
2083917
2075139
2087423
2087422
2087426
2087425
2083780
2076170
2080529
2080530
2080531
2074727
2077128
2086314
2086315
2086313
2086312
2076582
2086917
2075575
2087848
2085920
2076764
2077127
2077126
2077124
2077125
2084976
2084737
2075646
2084994
2075431
2075930
2076057
2075027
2082354
