2084393
2084392
2084391
2084390
2084389
2084388
2075322
2085706
2085707
2085708
2085709
2085705
2077392
2076446
2076445
2076444
2076443
2076442
2086727
2076571
2074514
2074513
2074512
2074511
2083044
2086939
2082063
2074676
2087879
2086393
2085745
2074872
2086728
2082326
2077455
2074887
2074886
2074562
2074792
2075172
2074604
2076451
2086950
2085752
2074881
2074997
2076457
2076576
2074570
2077129
2080354
2085984
2086134
2077456
2086703
2074810
2083791
2074613
2080926
2076342
2084795
2074723
2080589
2087552
2083998
2087047
2076678
2074485
2086814
2086943
2075802
2086095
2086211
2083658
2085123
2083422
2081330
2087627
2076267
2085814
2082689
2074581
2075222
2075051
2075433
2082425
2086940
2086258
2082570
2082569
2081548
2082724
2081647
2075116
2084126
2084125
2082772
2075878
2085766
2082792
2085631
2085630
2076719
2076463
2076464
2084741
2084740
2076459
2076353
2074565
2080216
2080207
2080206
2080205
2080204
2080203
2080202
2080201
2080200
2080215
2080214
2080213
2080212
2080211
2080210
2080209
2080208
2080239
2080238
2080237
2080236
2080235
2076632
2076631
2076630
2076629
2076628
2076447
2076466
2074818
2074817
2075191
2075190
2075189
2080797
2074576
2074688
2075701
2075494
2075120
2074599
2074957
2086706
2076554
2074830
2084989
2074791
2084639
2074774
2084640
2085731
2074828
2083015
2074896
2086870
2074706
2074661
2086819
2085723
2082831
2075090
2076551
2086951
2076240
2080873
2085711
2075166
2074684
2076448
2076621
2076368
2085831
2074953
2074748
2076627
2074955
2075220
2075219
2085778
2074924
2076238
2076469
2076318
2074808
2074799
2076801
2074657
2074685
2075006
2086880
2086881
2075944
2075943
2075942
2074773
2076589
2076458
2076258
2074506
2076263
2074606
2076382
2074833
2086941
2075362
2086710
2074920
2082872
2079137
2075046
2086289
2081972
2083573
2084590
2084589
2084588
2084326
2080700
2075455
2081492
2074871
2075370
2081592
2075621
2075290
2080219
2080218
2085678
2085669
2085668
2085677
2085676
2085675
2085674
2085673
2085672
2085671
2085670
2081628
2080278
2076461
2076460
2081205
2082253
2086949
2086948
2086947
2086946
2086945
2086944
2076232
2082403
2087187
2087186
2087185
2087634
2074563
2086008
2075463
2074680
2080265
2080820
2085901
2085894
2086135
2075860
2086897
2080618
2082081
2076252
2076179
2086787
2086788
2086806
2086807
2086789
2086790
2086804
2086805
2086802
2086803
2086800
2086801
2086798
2086799
2086796
2086797
2086795
2086793
2086794
2086791
2086792
2086218
2086896
2082800
2075176
2085895
2086905
2081576
2086101
2075170
2075555
2081754
2086005
2077450
2086015
2085772
2075301
2086039
2075197
2082139
2082031
2082178
2076449
2074803
2074769
2080512
2085996
2085995
2085719
2080151
2085764
2081022
2076728
2080569
2082688
2082227
2079135
2080242
2075153
2076802
2077391
2076440
2075095
2082316
2076441
2076065
2086702
2076352
2075849
2076468
2076467
2074903
2074902
2074901
2083027
2075043
2075459
2076557
2085492
2085830
2083572
2083405
2081005
2087272
2087273
2083181
2081621
2087876
2076473
2075657
2086868
2086952
2074798
2076462
2085908
2076308
2074489
2086062
2081417
2074590
2082543
2082542
2082541
2082540
2075723
2075722
2075721
2075720
2075719
2085683
2085682
2076588
2074654
2075590
2074523
2076769
2081584
2075024
2076249
2075157
2075313
2086858
2086857
2086856
2080573
2086993
2086991
2086992
2081426
2081652
2081651
2087010
2087009
2076792
2082742
2074853
2074852
2074851
2074850
2080800
2075847
2086770
2086769
2086768
2080653
2080654
2085796
2074993
2074848
2076405
2076404
2074777
2086852
2085736
2085958
2075773
2085800
2074923
2076354
2075375
2086813
2082610
2075424
2080607
2080606
2086812
2086811
2083068
2083069
2083070
2083071
2083072
2083073
2083074
2083075
2083076
2083077
2083078
2082885
2082889
2082888
2082887
2082886
2082891
2085777
2074771
2076620
2085755
2085754
2081853
2076339
2075330
2079091
2074491
2076465
2074720
2076452
2086884
2075059
2075058
2075057
2084098
2086013
2081112
2081111
2081110
2081109
2075547
2075546
2075545
2074963
2086009
2084278
2084130
2083316
2087588
2084273
2085112
2076470
2084280
2083950
2083332
2085584
2083202
2083707
2083198
2083199
2075266
2083194
2083195
2078842
2078841
2083554
2084333
2079138
2075316
2080517
2080866
2080865
2080864
2080863
2080862
2082734
2082725
2082733
2082732
2082731
2082730
2082729
2082728
2082727
2082726
2083040
2074981
2075227
2075226
2074943
2076375
2076455
2076454
2076453
2076545
2077390
2076799
2075221
2079235
2076543
2074495
2075373
2086259
2085880
2087887
2076298
2086685
2080937
2076611
2082391
2075416
2074694
2086893
2075374
2075250
2083201
2086691
2083184
2083872
2083196
2085659
2077573
2075756
2075747
2075746
2075745
2075755
2075754
2075753
2075752
2075751
2075750
2075749
2075748
2083197
2086942
2076332
2076323
2076331
2076330
2076329
2076328
2076327
2076326
2076325
2076324
2075572
2077524
2082798
2082799
2076373
2078265
2077873
2077868
2082412
2081430
2074865
2074864
2080834
2074481
2074480
2074479
2074478
2074477
2076456
2086904
2074673
2080281
2080302
2080293
2080292
2080291
2080290
2080289
2080288
2080287
2080286
2080285
2080284
2080301
2080283
2080282
2080300
2080299
2080298
2080297
2080296
2080295
2080294
2080553
2086914
2076829
2076830
2084283
2084579
2086110
2084336
2084255
2076392
2076391
2080231
2085882
2085883
2085885
2085884
2079086
2086309
2084482
2087458
2084415
2086310
2080808
2080809
2080810
2080811
2080812
2086778
2086779
2086780
2086781
2086782
2086783
2086784
2086785
2086786
2083117
2080662
2080673
2080669
2080667
2080668
2080807
2080817
2080818
2080819
2080815
2080814
2080813
2083084
2083085
2080816
2083207
2083210
2083209
2083215
2083211
2083213
2083214
2083208
2083212
2107880
2107883
2107886
2080972
2080976
2080980
2086445
2087224
2080961
2080969
2087223
2081987
2087269
2081641
2080970
2080975
2080956
2081945
2082713
2084510
2085461
2085462
2085456
2086059
2080925
2078989
2084088
2082691
2082233
2087230
2078990
2082574
2086424
2078991
2079022
2087078
2078992
2086481
2086060
2086501
2078993
2085647
2082491
2083017
2082694
2083559
2082846
2080324
2087066
2080551
2085749
2085750
2080508
2086219
2087058
2084397
2085815
2085816
2085734
2078994
2085227
2083112
2081774
2086299
2086121
2085911
2086093
2086227
2080750
2082617
2082852
2080586
2085855
2083048
2083725
2085113
2084436
2085424
2085425
2083868
2086465
2082756
2080217
2087067
2080747
2078995
2087828
2085291
2082751
2085869
2086007
2080524
2082849
2082850
2082766
2082854
2078996
2082266
2087174
2082369
2080727
2082721
2082714
2081496
2086174
2078998
2087093
2078997
2080752
2085910
2087380
2082504
2087076
2082580
2080651
2084804
2086567
2078999
2082717
2082718
2083439
2086961
2085691
2085684
2079000
2079001
2085452
2080758
2085292
2082377
2079049
2080755
2085698
2085699
2079002
2085695
2085762
2081443
2081510
2087903
2085918
2079003
2079004
2086969
2080751
2085457
2083354
2083350
2083186
2083951
2087361
2079009
2080756
2085013
2079006
2085748
2079007
2086213
2080754
2080923
2085003
2086161
2079005
2082838
2079010
2080757
2079011
2085449
2079012
2079013
2087593
2080924
2085658
2079016
2085656
2079018
2079015
2079017
2079019
2082870
2087350
2082575
2085273
2085914
2086225
2084000
2083058
2082740
2081320
2081374
2082716
2087450
2082639
2081318
2086455
2085646
2085751
2081731
2082855
2085728
2081446
2087205
2087082
2082241
2087091
2086582
2086953
2085921
2082028
2082625
2087175
2082330
2082621
2086672
2085952
2083031
2085872
2086044
2085806
2085770
2087092
2086459
2085801
2083033
2085978
2084164
2082684
2085979
2082839
2085842
2086674
2082584
2086493
2082180
2085862
2087097
2085667
2082842
2086067
2087095
2085679
2087089
2085929
2082679
2082535
2081637
2085724
2082573
2085899
2081803
2085651
2087096
2082715
2086336
2086010
2087891
2087343
2087045
2082834
2084256
2084288
2085115
2084787
2082893
2083330
2085047
2085395
2085066
2087639
2085137
2084724
2084426
2087305
2087304
2087303
2084264
2085149
2084895
2082690
2087616
2083669
2083029
2083016
2087065
2087330
2087329
2083110
2083111
2084528
2083569
2085666
2084772
2084387
2083479
2085493
2083478
2087332
2081725
2087068
2083740
2085004
2082750
