2085561
2085506
2087064
2082853
2083766
2083782
2084777
2084927
2083822
2084444
2085991
2083049
2087385
2085654
2084285
2087882
2086033
2087488
2087069
2083670
2085143
2085142
2085144
2084286
2084367
2084943
2083668
2082764
2086973
2083024
2086034
2083025
2085634
2081806
2081796
2085007
2087094
2082376
2085713
2085714
2085761
2085694
2085906
2087341
2085907
2085362
2084719
2084523
2085784
2085785
2087263
2085917
2081953
2087176
2085857
2087183
2085455
2087360
2084328
2087695
2084366
2084365
2084981
2084364
2086058
2085747
2082558
2086212
2087301
2087302
2085581
2087222
2082837
2085665
2086668
2087550
2083878
2084685
2085054
2083043
2083018
2085657
2087909
2085782
2081959
2087044
2087077
