2078283
2079823
2078153
2079822
2079755
2086494
2078034
2079820
2079793
2079794
2079611
2079795
2083113
2079737
2079736
2078075
2077888
2078191
2078196
2078035
2078256
2078169
2076981
2078065
2078073
2079821
2077979
2078220
2078068
2078228
2086014
2078110
2078033
2078544
2078543
2078140
2078115
2076029
2079649
2079796
2079650
2087154
2080510
2077939
2079757
2079758
2079759
2079760
2076181
2076169
2079648
2087532
2085031
2075801
2083059
2078018
2078141
2078255
2077892
2077945
2079761
2079762
2078159
2081415
2078006
2080136
2079929
2078054
2078322
2077933
2077931
2079763
2077494
2080534
2079886
2079647
2080314
2079646
2079645
2079644
2080471
2080470
2080323
2079764
2079769
2080313
2083107
2079610
2077958
2079888
2083086
2078242
2079567
2079651
2082697
2086855
2086064
2082754
2079771
2079772
2079746
2076080
2087041
2077936
2079579
2077908
2078243
2079608
2079887
2078480
2078479
2079893
2078183
2079892
2079784
2078002
2079653
2079765
2079766
2079747
2080981
2079767
2079768
2077878
2079578
2079739
2079773
2079774
2078116
2078025
2080321
2079775
2077981
2079574
2078117
2086260
2078137
2079933
2080312
2078163
2085916
2079776
2079777
2078535
2078534
2078263
2078287
2078319
2077924
2079587
2078289
2078455
2078454
2078501
2078500
2078070
2080974
2080829
2078098
2080311
2086029
2080886
2079743
2080830
2079778
2078252
2077970
2079781
2078321
2078240
2078050
2078278
2078304
2079779
2078200
2079780
2079744
2082627
2075430
2078020
2076998
2083108
2079658
2079657
2079656
2079782
2079783
2079589
2078129
2077925
2078013
2079891
2078064
2078170
2083103
2079576
2083105
2083104
2078134
2080802
2086127
2079655
2087691
2079740
2078055
2078353
2078047
2079654
2077971
2078188
2077229
2079741
2083061
2083062
2083063
2083064
2083065
2083066
2083067
2079723
2079724
2079725
2078259
2079726
2076525
2076524
2074876
2074895
2076316
2076075
2077922
2074516
2074679
2074702
2074541
2075448
2075110
2074815
2079727
2079162
2085886
2078174
2076595
2087201
2079236
2087674
2082641
2076734
2079046
2079045
2078686
2078687
2087504
2082288
2074580
2081903
2086476
2084635
2081347
2078258
2087906
2084097
2086170
2078330
2086353
2074499
2079728
2075760
2079584
2079533
2079243
2079928
2082576
2083936
2087364
2082364
2082302
2082586
2079729
2076681
2082559
2086343
2079730
2079121
2079735
2075063
2075525
2080801
2080315
2079731
2078197
2077955
2077980
2083005
2082793
2078742
2077941
2078280
2085738
2077879
2076306
2082053
2079732
2078128
2086178
2086293
2079923
2082062
2080316
2086352
2076753
2076059
2078203
2079738
2084881
2079612
2075986
2074772
2079734
2079699
2079700
2078120
2083462
2078345
2079701
2087587
2080629
2075469
2084332
2085727
2074740
2074831
2078209
2077905
2077917
2078211
2079702
2077961
2078512
2078511
2078207
2079703
2078362
2085769
2086688
2086687
2074737
2074762
2078082
2074626
2078053
2077923
2083051
2079203
2082829
2074752
2074656
2085767
2078234
2074637
2074832
2079674
2074630
2074646
2080824
2086733
2079206
2079101
2079212
2086730
2079119
2085729
2074835
2079709
2079640
2078199
2078214
2077954
2078215
2078069
2078250
2083004
2079710
2078202
2080870
2077891
2079582
2078213
2077842
2079711
2077755
2079712
2078245
2078081
2077956
2077964
2078219
2078303
2077787
2079713
2077940
2077837
2079714
2078014
2079903
2080303
2078244
2077906
2079715
2078212
2077791
2079716
2079641
2076122
2077763
2079717
2078351
2086018
2080546
2080509
2079718
2079719
2077843
2079885
2079639
2080478
2079720
2078204
2082582
2077966
2078009
2078048
2079721
2079722
2077771
2078305
2078162
2079682
2078037
2077950
2079733
2080540
2078349
2078354
2077920
2080080
2078208
2078249
2077919
2078264
2079948
2086483
2080475
2079944
2078062
2078010
2078261
2078201
2080044
2080050
2078229
2080322
2079683
2078158
2078232
2085759
2080056
2076413
2077532
2074734
2077506
2075048
2086172
2074634
2078044
2082878
2083935
2075092
2074770
2076407
2075870
2074593
2085930
2077624
2077625
2077693
2077692
2082867
2084220
2077148
2082648
2082477
2074757
2078225
2079708
2079707
2079681
2086900
2079706
2074692
2078042
2077894
2078172
2074931
2076643
2077896
2080583
2075366
2081129
2085965
2081539
2082351
2075022
2078324
2084627
2077478
2077702
2079285
2078166
2078337
2074910
2082565
2079102
2083970
2077505
2083447
2086116
2082826
2077657
2081036
2081035
2081034
2081033
2081032
2081031
2081030
2081029
2080904
2080549
2082761
2076592
2086362
2087324
2086004
2085847
2079500
2074930
2081312
2078286
2077535
2077133
2080477
2077991
2077504
2078276
2078233
2079189
2077716
2077520
2079704
2079249
2077717
2087518
2080261
2078306
2077721
2080940
2074841
2079684
2077986
2078059
2082049
2079685
2078180
2077928
2080091
2080476
2077992
2077947
2076992
2086346
2077876
2079686
2081561
2081618
2077949
2075783
2074888
2086766
2086892
2082663
2076412
2082865
2086252
2087046
2076363
2075192
2086558
2086772
2075143
2081758
2083052
2085890
2081514
2081682
2086545
2086003
2081900
2075319
2075388
2075340
2074947
2086364
2086363
2086338
2075338
2076767
2086147
2076138
2082876
2086720
2087537
2086235
2076864
2076539
2074682
2085692
2081315
2074911
2086241
2076084
2081164
2076594
2075297
2076793
2075554
2074587
2076651
2076501
2086254
2081976
2074502
2076175
2075560
2074597
2082681
2076361
2075482
2081404
2081092
2076703
2083438
2076502
2074950
2081365
2081364
2076002
2076104
2084845
2076527
2085953
2085817
2086456
2087699
2074493
2086275
2087055
2081627
2084928
2086597
2085170
2082013
2080706
2087377
2081698
2074996
2086076
2074547
2081689
2086860
2074999
2085763
2081140
2087362
2075699
2087060
2086261
2086066
2075256
2085375
2075288
2086443
2085741
2085746
2075044
2076634
2082388
2076508
2086808
2075001
2076250
2074690
2075904
2075244
2077118
2082336
2085793
2081028
2086301
2085794
2083050
2076248
2076285
2084987
2075031
2084841
2082747
2074691
2074758
2081173
2086866
2082297
2087732
2081486
2081932
2080720
2074822
2085172
2076099
2084188
2075039
2076321
2079564
2082479
2075037
2075993
2076503
2082857
2082745
2083547
2074823
2081794
2081234
2085931
2086867
2086919
2086699
2085693
2075029
2076278
2085893
2075919
2075165
2083546
2081804
2086052
2082859
2085850
2085849
2087057
2084566
2077169
2077170
2082298
2086890
2074561
2086109
2075049
2075380
2085710
2083041
2085775
2076341
2083630
2086922
2081882
2075017
2081867
2086446
2085997
2085968
2085887
2075610
2081106
2082472
2085140
2081589
2075333
2086111
2076387
2086223
2086222
2081184
2085889
2082833
2086256
2081872
2076697
2083042
2076800
2076426
2075879
2076182
2081502
2081230
2082371
2084680
2075615
2083142
2075323
2074891
2074505
2076322
2082746
2075030
2086908
2076683
2077187
2077173
2077174
2081249
2076675
2082150
2082451
2083007
2086081
2075681
2086885
2074889
2076615
2081971
2074834
2075018
2081287
2085774
2081973
2086907
2082757
2075894
2076337
2085495
2082125
2077116
2082719
2076260
2086716
2080178
2075757
2086050
2076286
2076262
2085185
2075287
2075397
2086507
2081061
2081553
2075102
2086818
2083090
2076207
2075268
2086722
2085735
2075358
2074998
2082038
2076362
2075238
2086714
2080351
2074846
2074641
2075576
2077176
2074747
2087473
2076141
2086882
2074507
2082557
2075201
2075210
2085832
2080704
2080705
2082321
2074644
2080163
2076222
2085971
2074622
2087673
2076266
2074658
2081144
2084447
2087083
2087084
2082397
2075605
2081923
2086074
2074995
2086748
2075320
2085966
2081227
2081477
2074933
2083009
2086822
2086879
2082032
2076279
2076622
2075475
2081341
2082662
2082638
2082103
2082551
2074624
2082235
2082343
2074527
2087050
2086827
2074761
2078660
2075665
2085426
2082209
2075591
2087070
2086684
2075262
2075147
2085720
2082208
2078644
2082226
2086475
2085715
2076544
2075258
2081609
2087232
2082749
2074984
2081784
2086721
2074619
2076294
2076293
2075437
2074819
2074961
2080722
2086775
2074940
2087501
2076603
2076752
2075501
2085985
2080153
2082880
2075109
2075085
2080695
2085768
2075183
2074968
2074890
2082206
2082211
2075633
2081915
2087030
2086320
2076180
2076794
2076745
2087052
2075106
2074612
2075518
2086913
2085975
2081370
2082848
2083021
2075570
2075187
2076685
2086876
2084848
2076521
2076233
